user 0
3 1 19
1 46
3 2 95
2 97
1 94
2 63
3 4 65
1 16
0
1 72
3 9 0
1 51
1 11
2 16
1 18
3 1 29
2 53
1 42
2 73
2 72
1 59
2 56
3 1 75
3 6 71
0
1 46
3 2 29
2 60
3 9 38
3 3 46
3 8 57
2 82
0
3 2 19
1 36
0
0
1 27
2 23
0
2 56
0
0
0
3 5 59
0
2 24
0
1 56
3 1 87
0
0
3 7 7
2 26
1 37
1 32
3 6 90
3 1 45
2 19
1 48
3 5 29
3 9 89
0
0
0
1 94
3 1 25
0
2 39
0
3 2 46
3 1 67
2 50
2 99
3 3 78
2 94
2 83
2 38
1 87
3 7 4
0
1 86
2 23
1 36
0
3 8 93
1 47
3 4 23
0
0
1 52
3 5 70
3 1 17
0
0
0
3 3 5
3 1 88
0
3 9 36
user 1
0
1 39
2 65
3 7 73
1 47
3 2 38
1 7
1 39
2 96
3 3 54
2 42
3 0 82
3 0 33
1 97
0
3 2 34
3 2 62
3 2 14
3 2 10
2 10
0
2 81
1 92
2 45
0
0
1 38
3 0 44
2 11
2 16
0
3 2 11
3 9 45
1 98
2 91
1 49
3 2 38
2 28
2 4
1 15
3 2 71
1 76
0
1 40
0
2 24
0
1 74
0
1 17
3 4 17
2 95
3 4 18
2 47
3 6 81
0
0
1 64
0
2 32
3 5 61
0
0
2 81
1 82
3 7 22
0
0
3 6 75
3 8 77
0
3 2 33
3 0 90
3 8 46
3 9 98
0
0
0
2 40
3 3 82
2 15
3 0 80
3 4 2
1 65
2 63
2 69
2 99
3 2 62
0
1 76
0
3 2 88
0
2 86
1 49
3 2 71
1 15
2 90
0
0
user 2
0
0
3 6 79
2 36
1 14
3 4 53
0
0
2 82
3 6 76
0
1 52
2 17
3 4 65
2 20
3 1 29
0
3 4 90
2 58
1 44
0
3 1 40
0
2 98
0
2 96
2 61
1 88
0
3 5 1
0
1 58
1 63
1 77
2 70
3 9 30
1 29
1 59
3 8 97
0
0
3 9 78
2 87
3 4 64
3 9 43
1 79
3 1 69
0
1 95
3 1 55
1 97
0
1 27
0
1 47
2 80
3 9 17
3 4 8
1 48
1 98
1 4
0
2 25
2 20
3 4 74
2 13
2 84
1 73
0
1 97
3 1 0
3 4 32
2 65
1 45
2 71
1 60
1 49
0
1 50
3 3 66
0
2 35
1 98
0
3 4 90
0
0
3 3 90
0
3 0 65
1 28
0
3 6 8
2 90
2 13
3 3 51
2 7
1 70
3 9 80
3 3 27
user 3
2 49
1 70
3 9 86
0
1 1
1 1
2 68
0
1 83
3 5 17
2 40
2 11
1 67
1 30
1 5
2 80
0
1 95
2 20
2 57
1 73
1 85
1 49
0
2 32
2 33
1 55
2 69
2 6
0
0
2 64
2 0
2 87
3 8 12
3 0 52
1 3
2 6
2 92
0
1 86
2 19
2 17
2 66
1 45
2 35
2 52
2 74
1 75
0
3 6 42
0
0
1 68
2 9
1 76
3 4 86
3 5 95
3 7 85
1 25
3 4 26
3 1 65
1 8
3 4 41
3 9 51
0
3 0 94
0
1 29
3 0 14
2 55
1 97
0
1 34
2 14
2 68
2 7
0
2 83
2 92
1 2
0
0
3 4 7
0
0
3 4 56
2 6
3 5 85
2 56
1 92
2 75
2 26
1 39
3 0 50
1 66
1 44
1 9
0
1 52
user 4
0
2 22
0
1 83
0
3 8 81
2 43
3 5 53
3 8 61
3 1 70
3 1 30
3 6 25
0
0
0
1 30
0
0
1 14
1 75
1 40
3 5 11
3 7 31
2 36
1 76
0
1 25
2 88
1 25
2 26
2 32
3 7 10
1 81
2 71
1 23
1 30
1 61
2 91
1 77
1 67
0
3 5 93
1 50
2 32
0
3 5 90
0
3 5 10
2 61
0
2 79
1 78
2 15
3 3 33
2 82
3 5 84
3 5 80
1 12
1 32
0
3 0 58
2 34
3 9 59
0
0
1 57
0
1 79
1 85
3 8 4
2 25
3 9 52
3 5 58
0
0
1 68
1 87
3 6 2
3 1 97
3 9 32
3 8 77
0
0
0
2 75
2 70
1 4
0
2 21
1 58
2 2
1 86
2 37
3 7 97
3 1 60
3 8 59
0
0
0
2 4
user 5
2 49
1 81
1 35
1 96
2 73
1 0
0
3 4 64
3 6 10
1 71
2 49
0
1 11
2 7
2 89
3 1 36
1 86
1 27
0
0
3 3 18
1 9
3 3 37
1 89
1 19
0
3 6 76
0
2 8
0
2 28
1 4
2 28
2 24
3 6 85
3 9 95
1 51
1 14
0
1 79
0
3 2 15
2 32
2 17
2 48
1 24
3 0 38
2 17
3 9 71
0
2 30
3 6 5
1 49
2 40
0
3 8 19
1 11
2 17
0
2 26
3 2 57
1 67
3 1 48
1 78
1 26
0
2 16
1 32
0
1 23
0
3 6 37
2 35
3 8 99
2 82
3 0 61
0
2 8
3 6 45
1 28
2 97
1 36
2 18
3 0 89
2 67
1 79
0
3 0 73
1 17
2 67
1 14
1 27
3 1 48
3 4 0
1 51
1 71
1 40
2 72
1 91
0
user 6
0
0
1 32
2 16
0
1 77
3 3 18
2 8
1 64
3 1 68
2 19
1 73
1 8
0
0
3 3 55
3 9 3
2 60
1 67
2 77
3 9 83
2 51
0
0
2 3
1 53
2 14
2 76
1 94
2 53
3 1 63
1 30
2 58
2 86
1 8
2 67
0
2 81
0
1 7
3 9 58
3 3 4
1 94
2 59
1 85
2 0
2 48
1 98
0
1 83
2 42
1 38
0
0
2 51
2 78
1 69
0
2 83
3 4 25
0
1 79
1 27
0
0
2 48
3 8 60
3 1 7
3 9 80
1 68
3 7 30
1 53
3 1 42
0
1 24
2 34
0
1 3
0
3 7 82
3 9 39
2 1
2 31
1 74
2 76
1 70
1 69
3 7 46
0
1 21
0
2 53
0
0
0
2 29
0
0
3 4 21
2 89
user 7
2 89
2 31
2 25
2 35
1 50
2 28
0
2 82
0
0
3 2 51
1 69
3 0 99
3 3 65
3 6 10
1 98
1 76
2 13
0
0
0
3 8 34
0
1 58
0
0
2 90
0
3 5 29
0
3 9 47
2 59
0
3 6 61
1 33
1 30
2 92
1 46
0
2 67
0
2 74
0
1 24
1 9
3 6 32
2 61
0
2 77
2 41
0
0
3 5 87
0
2 36
2 0
1 74
2 23
0
1 24
1 45
2 45
0
1 2
2 42
0
0
3 5 24
0
0
0
3 9 92
0
2 6
2 24
3 5 9
1 30
3 2 37
2 34
1 18
2 97
1 24
0
1 29
3 2 26
0
2 35
2 83
1 25
3 8 13
1 68
3 5 10
2 32
0
0
3 3 36
0
3 4 72
1 34
3 1 3
user 8
3 5 46
2 8
2 85
3 0 5
0
1 61
0
0
3 0 9
3 4 30
1 83
3 6 85
3 1 91
3 9 8
1 10
0
0
3 1 12
3 4 51
0
3 3 49
0
3 3 12
0
2 10
1 8
3 2 29
1 77
3 6 4
2 40
1 90
1 78
0
3 9 86
3 4 27
0
2 87
1 6
0
3 2 97
1 33
0
3 2 53
1 42
3 2 17
3 1 7
0
3 9 42
3 1 95
1 91
0
1 49
0
2 0
2 95
0
2 25
3 5 30
0
1 89
3 9 68
0
1 23
0
1 12
3 9 59
1 53
3 9 27
1 5
2 23
0
3 6 33
3 3 46
0
0
0
1 92
1 0
2 8
3 1 60
3 3 34
0
0
0
1 54
3 0 86
3 0 5
3 6 91
2 15
3 1 92
2 37
0
3 0 31
0
1 33
1 74
1 46
1 50
2 95
1 13
user 9
0
1 43
3 0 58
2 4
1 46
1 2
2 14
0
1 67
2 58
2 2
2 31
0
2 50
2 24
3 0 97
3 0 12
1 58
1 18
0
3 0 84
2 38
2 60
0
2 14
3 0 42
2 45
3 0 12
3 1 29
2 16
1 79
1 90
1 58
2 13
1 14
1 69
1 35
0
3 3 25
1 24
1 65
2 24
0
1 96
2 1
3 8 5
2 98
2 9
0
0
1 0
0
2 18
0
1 55
3 0 28
0
3 4 50
2 25
2 88
2 91
1 54
0
0
3 2 69
3 8 32
3 4 79
3 1 17
2 28
0
1 90
1 55
3 5 73
1 22
2 68
3 0 50
2 51
3 0 74
1 84
3 0 81
1 37
0
1 5
0
3 4 60
2 89
2 61
3 0 28
1 28
3 1 28
1 59
1 41
3 0 62
1 82
2 66
1 19
1 94
1 5
0
1 73
