user
0
0
2 69
2 48
3 15 17
1 100
2 41
1 1
1 71
1 43
1 70
2 33
0
0
1 93
2 100
1 40
3 1 72
2 92
2 97
0
2 83
1 66
0
3 5 10
1 18
0
2 66
2 31
3 8 36
2 91
1 48
3 10 42
1 23
2 63
1 18
1 2
0
1 65
0
2 86
2 78
1 61
3 8 33
3 1 73
2 94
0
1 53
1 46
2 82
3 3 60
0
2 73
0
0
2 71
2 53
0
3 1 49
0
1 94
3 10 9
1 23
2 2
0
1 59
2 2
3 8 77
2 30
0
2 15
1 68
1 84
3 12 40
1 24
2 70
2 22
3 12 26
1 80
0
1 48
2 21
1 77
1 90
3 13 15
3 11 66
0
1 96
3 15 44
3 14 48
1 18
2 75
3 13 94
0
1 95
1 3
3 2 22
0
0
1 69
1 43
0
1 85
3 15 68
2 65
3 4 49
3 12 24
0
0
2 69
1 70
3 5 58
1 22
1 61
0
1 68
0
1 56
0
2 86
2 2
0
2 7
0
2 50
1 57
0
0
0
0
3 7 24
3 8 60
0
3 3 54
1 71
3 1 56
2 56
0
3 6 7
3 6 3
2 1
0
2 7
0
3 3 34
1 73
3 1 16
2 70
0
2 3
0
0
2 50
3 1 81
3 7 30
3 12 71
0
3 4 58
0
3 2 71
1 32
0
1 41
1 31
2 5
1 80
3 11 68
3 9 36
2 78
3 10 12
0
0
0
2 19
0
3 4 8
3 3 81
1 67
3 10 14
1 47
0
2 10
2 87
2 22
2 3
0
3 14 14
1 84
3 1 83
3 1 13
2 69
0
3 3 76
0
3 8 44
2 63
0
3 13 8
1 55
3 2 93
0
3 5 54
1 82
0
1 21
0
2 85
0
2 82
3 11 89
3 9 18
1 61
1 20
3 2 67
1 34
2 68
1 2
0
2 1
1 12
2 3
1 13
1 73
1 54
3 8 91
2 62
2 54
0
3 3 29
3 4 63
2 71
1 64
3 6 32
2 28
2 87
0
1 56
1 17
1 86
2 5
3 4 84
3 13 2
1 69
0
3 15 91
3 7 42
0
0
0
2 39
0
2 90
3 15 17
0
2 48
2 27
1 96
2 44
1 32
0
3 1 29
1 100
2 41
0
1 90
2 1
0
0
0
1 20
1 26
2 14
1 53
2 99
2 71
0
2 58
2 59
1 24
3 1 40
0
1 1
3 11 90
1 2
3 7 74
2 92
2 44
1 100
0
3 15 9
0
2 78
2 6
3 11 51
3 6 6
1 24
2 62
1 18
1 51
0
0
2 88
0
0
0
0
0
2 27
3 12 40
3 15 77
3 7 9
3 7 9
2 82
3 13 87
2 60
0
2 54
1 64
0
1 48
2 81
1 95
3 12 58
2 43
1 45
2 82
0
1 53
2 88
1 47
0
0
0
3 5 75
1 9
1 41
1 17
3 15 53
1 88
3 13 49
0
0
1 75
1 95
2 81
0
1 32
2 42
0
3 8 18
2 21
1 53
0
1 33
0
1 46
3 9 41
0
2 2
1 98
1 7
1 5
3 5 76
3 11 35
1 79
3 5 75
2 9
1 16
1 23
1 32
3 4 33
2 95
2 9
1 15
3 8 91
2 71
0
3 4 57
2 14
1 3
0
1 20
2 62
0
0
1 19
3 9 37
0
0
2 87
3 14 59
0
2 28
3 11 15
2 62
1 61
1 22
2 64
1 64
2 29
1 74
0
0
0
3 1 33
1 71
1 38
2 70
1 62
1 46
3 5 34
2 28
0
0
3 8 64
3 3 67
2 98
3 15 62
2 99
1 76
1 100
2 97
2 14
3 9 19
0
1 45
2 83
1 44
2 98
3 12 70
1 99
1 53
1 25
0
3 5 91
0
0
2 99
3 13 84
2 30
1 52
2 73
2 38
0
0
1 6
0
3 8 43
1 69
2 51
3 14 35
3 11 45
0
2 35
1 47
0
3 1 94
1 97
2 46
3 13 48
3 14 80
0
1 63
2 44
1 83
2 81
1 82
1 60
2 4
0
0
0
0
2 29
0
2 78
1 1
2 2
3 11 4
1 67
2 86
1 61
1 16
2 45
3 5 46
3 3 5
3 10 91
2 91
2 22
0
2 80
0
1 4
0
2 11
0
3 8 19
0
2 73
3 5 83
1 24
0
0
0
2 30
0
1 8
3 3 83
2 2
3 2 11
0
1 69
1 39
0
1 36
0
3 12 80
3 2 87
0
0
1 65
0
3 13 59
0
1 20
1 79
0
2 7
3 12 40
0
1 54
0
1 63
2 100
3 1 88
3 3 89
3 9 57
3 3 16
0
0
0
1 18
1 89
0
0
0
0
2 19
1 12
1 57
3 11 16
0
0
3 2 63
1 68
2 19
3 2 4
1 65
3 5 42
3 5 46
1 61
1 6
0
2 82
0
3 10 16
3 6 24
3 15 37
2 50
2 85
1 76
2 33
2 68
3 11 98
2 85
1 22
1 40
0
1 29
2 81
1 27
3 11 99
2 36
2 40
0
3 6 21
0
2 17
2 78
1 71
2 73
3 12 72
2 83
1 21
1 65
3 3 26
1 13
0
2 30
3 10 47
2 76
3 13 65
2 74
3 3 96
3 5 52
0
0
0
0
3 1 39
1 63
1 65
1 7
0
1 4
0
2 27
1 78
0
1 79
3 1 22
2 11
3 5 65
0
2 98
3 13 8
0
2 83
3 2 54
0
0
3 9 18
1 40
0
1 84
1 31
2 73
1 9
1 100
3 9 6
0
0
3 6 45
0
2 88
2 78
2 64
3 1 71
0
1 64
1 63
2 95
0
1 22
0
1 72
2 55
1 7
0
1 98
1 35
1 62
3 6 8
3 1 21
2 62
1 26
1 20
3 11 37
3 4 60
3 5 76
3 6 52
2 94
1 61
2 6
0
3 12 6
3 14 22
2 29
2 68
3 1 95
3 3 61
1 49
1 97
2 88
2 39
2 34
2 99
1 84
1 57
1 6
3 11 17
0
2 57
2 8
1 12
3 12 4
1 29
3 1 85
3 2 8
2 20
0
2 90
2 13
1 6
0
2 92
2 56
0
0
3 8 51
2 55
2 41
3 4 18
0
1 69
3 1 29
3 4 44
2 32
3 1 2
3 15 29
2 52
3 12 8
3 15 93
2 1
2 69
2 44
2 63
3 12 61
3 12 49
2 77
1 30
2 43
3 12 52
0
2 80
1 51
2 69
0
2 41
2 50
0
3 13 30
2 8
2 96
2 18
2 1
2 3
0
3 8 61
2 18
2 41
1 25
2 78
1 36
2 86
3 12 6
1 89
2 15
3 3 18
2 83
0
0
1 43
2 9
3 14 36
2 99
3 14 80
1 74
2 5
3 13 42
1 78
3 14 81
1 92
1 17
3 1 15
1 67
0
3 2 42
1 87
2 33
1 53
0
0
0
0
2 86
0
2 4
1 83
3 3 4
0
3 10 72
2 14
3 2 3
1 72
0
2 98
1 54
0
3 13 46
0
0
0
1 91
3 13 24
1 95
1 21
1 88
2 42
0
3 2 8
0
2 94
1 100
1 43
1 47
2 74
1 74
0
1 13
2 55
0
2 52
2 12
1 15
3 10 48
3 1 23
1 75
1 88
3 7 26
3 4 100
1 59
1 19
0
2 26
2 5
3 11 72
3 6 38
0
0
3 12 20
1 12
2 91
3 6 82
3 14 32
1 75
2 12
3 4 3
0
3 15 23
2 3
1 22
3 9 75
0
3 9 27
3 14 87
2 97
0
1 30
3 7 45
0
2 84
0
1 24
3 8 74
2 41
2 41
0
3 6 99
0
2 71
1 80
2 71
3 8 35
0
0
0
2 90
2 30
0
3 15 97
1 50
2 22
2 89
2 3
0
0
3 5 80
3 7 47
2 59
1 21
1 29
3 7 32
3 7 32
3 2 26
0
0
2 50
1 87
0
0
3 9 92
1 10
1 31
0
1 63
2 12
0
3 3 23
3 10 31
1 85
2 60
3 6 37
0
0
3 2 29
2 64
0
3 13 21
1 93
3 9 51
0
1 60
2 53
0
0
3 14 23
1 8
2 39
3 10 47
0
0
1 1
0
2 4
2 64
1 69
0
1 72
1 5
1 26
0
1 49
3 11 18
1 7
2 63
1 20
0
1 91
2 41
2 51
3 13 27
2 14
1 53
1 90
0
3 13 32
2 92
1 23
3 9 17
2 50
1 63
0
0
2 80
1 23
0
1 40
1 13
0
3 12 24
1 8
2 73
1 78
2 30
2 19
1 64
3 14 49
0
2 81
0
2 34
2 64
3 9 5
3 1 90
2 75
0
1 92
2 19
1 69
2 75
1 45
3 3 12
2 63
0
3 1 82
3 10 73
1 76
0
1 64
3 13 67
user
1
1 73
1 25
1 35
2 65
1 56
0
3 3 16
0
2 97
0
3 12 43
3 13 46
2 64
2 91
1 63
3 0 45
3 11 62
1 34
2 56
3 12 98
0
3 5 30
0
0
1 75
1 75
3 2 32
3 7 99
0
0
1 69
2 89
0
3 2 21
1 95
2 43
0
3 2 83
1 82
3 6 67
1 12
2 64
2 71
3 6 55
2 65
0
0
1 63
2 71
3 3 98
2 71
2 16
1 68
1 79
1 65
3 10 86
1 78
0
1 73
2 56
1 47
3 9 48
2 34
2 84
1 18
2 42
2 100
3 6 52
3 6 6
0
1 40
0
2 18
3 14 28
0
0
0
3 2 28
1 32
0
2 10
1 67
2 2
1 13
1 59
3 4 48
0
2 90
1 86
0
0
0
1 48
2 88
2 7
0
3 10 60
2 93
3 2 44
2 44
0
3 6 77
2 55
3 6 83
1 81
1 78
0
2 1
1 32
0
2 40
3 7 21
1 13
3 15 21
0
1 6
0
0
2 90
1 56
1 45
3 10 18
0
3 9 36
0
1 52
2 73
1 82
1 68
1 31
1 14
1 10
0
0
2 53
0
1 52
0
3 6 37
1 99
3 2 40
3 11 52
1 41
1 14
0
1 9
3 13 16
3 12 73
3 15 27
2 7
0
0
1 22
3 4 41
3 15 10
0
1 39
1 10
0
0
2 31
1 85
3 6 92
1 34
3 11 98
2 18
2 49
3 13 25
2 85
2 56
3 10 81
0
0
2 68
2 4
1 3
0
0
2 10
0
0
1 1
1 94
1 66
0
3 12 62
3 14 81
3 15 45
3 12 96
2 81
1 52
3 3 33
3 12 34
3 9 37
3 4 65
3 12 12
0
3 3 61
1 15
1 85
2 14
3 11 80
0
1 62
0
3 13 95
0
3 10 14
1 92
2 50
1 35
3 7 24
1 72
1 49
1 85
2 31
3 14 31
1 80
1 32
1 29
2 93
2 52
3 3 76
0
3 4 97
2 87
2 44
0
2 8
2 2
3 11 33
1 4
0
1 31
0
0
3 15 30
1 88
1 86
0
1 6
0
1 72
3 14 80
3 9 48
2 36
1 33
3 2 77
0
1 80
1 29
3 6 82
1 7
3 7 68
1 44
2 86
3 13 7
0
0
0
1 1
1 61
0
3 8 52
3 14 58
2 23
1 98
2 88
3 14 98
0
3 13 52
3 12 32
1 83
0
0
0
2 72
0
3 12 12
1 57
0
2 54
0
0
1 86
2 90
1 33
2 84
1 38
3 0 4
2 50
2 83
2 51
2 25
1 94
0
2 24
3 14 83
1 43
2 97
0
0
2 47
3 15 36
1 45
2 76
1 74
1 93
1 13
2 37
2 43
1 58
1 67
1 48
3 10 73
1 4
1 85
2 94
1 3
2 75
2 18
3 12 58
1 62
2 11
1 8
1 84
0
0
2 8
1 86
1 7
3 3 35
3 6 56
0
1 37
1 45
3 9 72
0
3 11 87
0
0
1 26
3 6 13
0
1 69
1 10
1 94
1 93
0
1 20
0
0
0
2 65
3 11 95
0
1 29
2 10
3 6 87
0
1 79
2 86
3 4 49
0
1 4
1 53
2 88
3 6 37
3 5 27
1 5
2 26
3 3 61
0
3 3 37
1 71
3 11 55
3 15 75
0
1 82
2 78
3 12 83
2 58
3 7 19
1 64
1 82
1 59
2 23
1 98
3 3 25
0
1 79
1 59
0
0
3 0 11
1 27
0
0
1 93
3 14 71
1 64
0
2 88
0
2 76
3 8 26
1 1
2 7
1 84
3 0 91
2 61
2 69
2 47
1 73
0
2 42
2 69
2 68
1 9
0
3 4 52
3 2 2
1 45
2 87
1 11
2 66
0
1 91
2 56
1 67
1 79
3 8 49
1 58
3 2 51
3 6 40
1 66
1 80
2 3
0
1 6
0
2 74
2 18
1 25
0
1 83
0
1 14
1 70
0
0
3 7 39
2 38
0
1 85
0
0
1 56
0
2 70
3 3 82
1 12
1 57
0
2 70
3 11 3
1 2
3 4 71
3 2 74
0
2 56
3 14 53
3 9 69
2 63
1 47
1 87
2 61
3 13 19
2 22
3 15 78
3 4 57
0
3 6 43
0
2 52
1 61
1 84
1 17
3 3 16
1 74
2 68
1 88
0
2 54
2 80
2 72
1 86
1 11
2 76
3 2 27
3 0 38
2 27
3 10 30
1 16
0
1 43
2 19
2 76
2 78
0
0
0
0
2 26
0
3 6 53
1 54
3 12 10
1 57
2 90
3 12 74
3 8 69
3 9 82
1 28
3 2 22
2 24
1 44
1 50
0
0
0
0
2 22
1 91
0
2 99
0
2 43
3 5 3
1 25
3 10 92
0
1 89
3 3 72
0
3 0 93
2 93
3 9 88
1 76
3 0 52
1 10
1 10
1 86
0
0
2 63
1 6
0
1 16
2 79
3 9 19
0
2 76
2 32
3 3 4
1 4
1 30
3 6 86
2 30
2 7
1 84
2 88
1 59
1 7
1 90
3 4 6
1 10
2 25
1 59
1 80
3 6 10
1 40
1 97
3 15 100
0
0
0
2 19
2 70
1 66
2 41
0
0
2 47
0
0
1 28
3 6 40
1 47
3 5 90
1 27
1 80
3 3 27
3 8 80
0
3 9 31
2 88
3 7 41
0
1 91
2 79
1 48
3 11 66
3 0 6
2 10
0
3 11 63
3 4 65
2 56
3 4 27
2 38
0
2 31
2 94
1 65
3 8 4
0
0
0
2 55
0
1 28
1 48
1 100
3 2 19
2 43
3 9 54
1 53
0
3 13 94
0
2 45
0
1 85
3 2 64
0
2 3
2 32
2 88
1 83
2 2
2 32
3 11 55
3 14 83
1 74
3 12 94
1 7
3 14 97
2 52
0
2 25
0
3 11 2
1 1
2 25
2 57
1 27
1 73
1 59
0
1 73
3 0 64
3 2 32
3 2 99
3 7 9
3 12 92
2 63
3 6 100
3 2 26
1 52
0
1 86
3 8 80
2 4
0
3 14 92
2 47
0
2 49
1 70
1 71
1 78
2 85
1 57
1 95
1 54
0
1 96
1 67
1 54
2 49
0
2 17
1 30
1 72
1 81
0
2 53
0
2 40
0
0
3 5 5
0
2 41
3 11 75
1 5
1 89
0
3 8 36
0
2 84
1 98
0
1 89
3 2 94
1 84
2 73
0
3 5 70
3 12 6
2 38
2 85
1 6
1 70
2 59
3 3 44
1 10
3 14 45
0
0
3 3 5
0
2 56
3 14 28
0
1 71
2 59
0
2 45
0
1 68
2 55
2 28
0
3 3 12
0
3 14 17
1 34
1 75
0
0
3 6 100
1 87
0
3 14 72
0
0
0
0
1 34
2 23
1 48
0
1 40
3 15 88
2 4
2 16
1 99
1 31
3 5 51
3 11 94
2 31
2 9
0
2 72
2 70
1 34
1 45
3 5 55
1 8
1 67
0
0
2 17
0
0
1 44
2 25
0
3 2 49
0
0
2 36
0
1 7
3 2 100
0
0
2 90
1 46
2 84
0
1 30
0
3 2 30
1 49
3 9 1
3 6 94
2 30
0
2 18
3 8 23
3 6 2
1 63
2 25
1 95
0
2 68
1 91
0
2 49
0
3 12 49
2 41
0
0
1 45
2 63
3 4 66
3 11 70
1 24
0
1 93
3 0 1
0
1 5
1 78
1 39
2 74
1 12
1 5
0
3 12 14
2 54
1 28
2 63
2 96
2 45
0
3 4 53
0
3 7 94
0
3 15 42
0
0
0
2 8
0
0
3 12 65
3 8 13
0
2 44
3 4 32
1 52
1 11
1 52
0
1 35
0
3 11 33
0
1 97
3 4 23
3 0 62
3 4 36
0
3 11 75
0
0
1 16
2 41
2 34
3 2 42
0
0
2 39
2 79
1 92
1 25
0
1 18
0
1 38
3 2 26
0
1 59
1 31
2 11
0
2 80
3 13 26
1 69
2 84
3 13 92
1 59
1 74
1 6
3 4 98
2 88
3 5 82
0
3 8 85
0
3 2 75
3 7 66
3 6 42
1 43
3 4 56
3 12 94
1 40
1 18
2 80
1 44
0
0
1 11
1 43
2 69
1 6
2 93
0
2 83
0
2 15
2 91
1 55
2 4
1 59
1 24
1 32
0
0
0
0
0
1 98
1 87
3 13 93
0
1 99
3 11 59
1 28
0
1 68
3 6 68
1 85
1 57
1 22
2 21
2 78
1 6
2 65
0
1 57
2 16
3 2 97
3 9 48
2 70
1 45
2 44
3 7 55
3 14 50
0
3 9 43
1 83
1 51
2 83
0
3 10 86
0
0
0
3 13 43
1 23
3 3 69
3 2 96
3 14 95
user
2
0
0
3 3 43
1 52
2 42
0
3 8 41
2 87
2 7
0
0
2 24
2 12
2 13
1 44
1 34
2 22
2 3
2 28
1 44
3 6 32
3 11 46
2 2
3 4 34
0
1 31
0
0
2 98
3 13 79
1 17
3 8 86
0
0
0
1 42
0
1 19
2 95
2 24
3 12 80
3 14 96
2 1
0
3 9 100
0
1 57
2 35
2 23
1 14
3 0 1
0
3 9 18
0
2 27
2 80
3 11 95
3 8 33
1 18
1 52
2 75
1 31
1 84
0
0
2 5
2 60
1 23
0
1 84
3 15 12
2 15
1 14
0
1 74
1 70
3 15 75
1 92
0
1 91
1 49
2 11
2 33
0
1 84
0
1 20
3 11 10
3 6 32
2 68
2 35
1 38
2 31
0
0
0
0
3 5 52
2 27
2 64
0
0
1 70
3 10 72
3 6 19
3 11 87
2 6
3 11 53
1 46
3 12 74
3 3 70
2 11
0
0
0
2 68
3 6 23
3 13 32
0
0
3 6 56
1 23
1 21
3 1 42
0
2 34
1 64
1 97
2 13
3 10 60
1 70
0
0
2 14
3 11 71
2 47
0
2 54
3 3 44
3 12 44
3 14 58
2 55
0
2 47
3 12 29
0
0
1 10
1 14
2 66
0
2 2
0
0
0
3 4 86
0
1 54
0
0
0
1 92
0
2 13
2 23
1 78
2 38
2 42
3 11 78
2 42
0
1 56
0
1 47
1 93
3 6 9
2 76
2 78
0
0
3 3 66
3 12 8
0
2 78
0
2 96
3 3 36
2 3
1 7
2 55
3 0 21
2 1
2 10
2 81
2 6
2 8
2 20
2 80
1 28
1 46
3 14 49
2 82
0
3 9 61
3 0 89
1 2
3 8 70
2 43
2 74
0
2 58
3 14 39
0
1 82
1 55
2 76
3 3 85
0
0
3 11 78
3 9 61
3 8 34
3 0 28
3 15 11
2 59
2 40
0
2 14
2 18
2 96
0
0
0
1 26
0
3 5 91
1 42
2 98
0
3 15 58
0
3 1 87
0
0
0
0
1 29
2 73
3 9 16
1 93
1 38
0
3 7 97
1 74
1 88
1 4
1 12
1 33
3 11 91
0
0
2 32
0
1 78
1 98
2 57
0
3 9 94
3 11 80
2 24
2 11
2 27
3 14 19
3 7 16
1 95
0
3 10 61
3 14 42
3 10 30
1 78
2 35
0
0
0
2 26
2 5
1 92
0
3 4 46
2 88
3 14 88
2 67
0
2 50
0
2 88
3 4 78
2 33
0
1 67
3 14 96
2 60
1 34
3 1 84
0
0
2 45
0
3 5 21
2 6
2 80
2 13
3 5 42
3 9 64
1 35
0
0
3 5 74
3 4 40
1 6
3 0 96
0
2 49
1 94
1 84
1 67
1 46
2 55
0
1 3
1 8
2 98
0
3 0 81
1 75
3 7 23
0
1 46
1 81
3 12 29
0
2 1
1 14
1 16
3 4 93
2 9
2 2
3 5 54
3 6 22
0
3 10 29
2 91
0
2 34
1 92
1 55
1 51
2 68
0
1 35
0
1 49
1 2
1 59
0
1 91
0
1 6
2 45
3 14 75
3 0 79
0
1 50
3 3 83
2 45
1 27
2 72
2 55
0
0
3 13 13
2 67
2 28
2 88
3 4 95
2 40
1 9
2 18
0
0
0
3 15 6
2 46
3 14 76
1 79
1 94
0
1 96
0
2 73
3 11 53
3 13 78
0
0
2 79
0
3 7 25
3 3 41
3 10 22
0
2 68
1 50
1 31
3 3 60
3 7 48
3 7 59
0
2 55
0
0
1 13
3 15 56
0
3 3 13
2 30
2 67
3 11 26
3 8 93
0
1 60
1 75
1 49
2 75
3 1 33
1 48
1 62
0
1 88
1 71
3 5 60
3 9 22
2 69
2 61
1 95
2 38
3 10 67
0
2 90
0
2 57
0
1 86
3 13 3
1 4
2 16
1 26
2 18
0
2 30
1 79
0
2 34
2 67
2 36
3 9 40
0
0
3 3 78
0
0
0
2 88
1 60
2 19
1 8
3 3 8
2 63
3 15 48
3 11 33
3 5 90
2 21
2 89
0
2 94
3 1 30
1 36
2 38
1 66
2 79
3 15 99
3 8 31
1 14
0
0
1 71
2 59
2 19
0
3 9 72
0
1 14
0
2 78
2 85
0
1 6
3 3 58
1 69
3 14 23
0
1 66
0
1 71
3 15 14
2 93
1 23
1 45
0
0
3 3 91
3 9 70
2 29
1 70
3 4 17
3 10 49
3 9 93
1 45
3 11 10
3 1 8
0
3 13 94
3 4 65
2 67
3 0 1
3 3 10
3 15 58
1 47
3 14 98
0
1 16
1 61
3 15 29
2 25
1 20
1 73
0
0
2 7
2 63
0
3 3 93
2 65
3 13 27
3 4 46
3 12 91
0
1 62
3 12 81
0
3 0 56
2 56
0
0
2 35
3 11 96
1 24
2 84
1 67
0
2 11
0
3 15 7
2 44
1 43
2 56
3 11 28
0
0
1 88
3 0 88
3 3 96
3 14 55
3 9 14
0
2 91
1 8
3 3 24
3 9 24
1 47
1 93
3 10 65
2 12
0
0
3 9 21
0
0
3 1 11
1 20
0
0
2 99
2 13
3 6 42
2 91
2 37
1 73
3 1 1
0
1 98
0
1 71
0
2 62
3 6 47
3 3 33
0
3 5 54
0
1 71
0
1 55
0
3 9 64
0
0
0
3 9 97
2 9
2 63
0
1 37
1 78
0
1 23
2 20
1 68
3 15 70
1 23
1 69
3 11 91
2 25
2 65
1 53
2 86
1 96
1 66
2 8
1 7
1 48
0
0
2 61
0
3 6 13
0
3 7 8
0
0
1 2
1 63
2 46
1 86
1 1
1 79
2 32
0
1 90
3 7 24
0
1 47
1 82
2 67
1 75
0
1 29
1 84
1 11
2 87
0
3 9 95
3 15 78
2 27
2 68
2 88
2 75
3 12 88
3 9 47
2 9
3 4 52
0
1 35
3 3 59
3 8 99
3 3 20
3 12 3
3 0 40
2 49
3 9 87
2 98
3 12 90
2 82
0
3 6 2
0
1 90
3 9 8
1 14
3 1 86
1 53
0
3 3 82
1 94
3 12 68
1 95
3 13 98
0
3 11 57
0
1 30
1 79
0
0
2 8
0
2 2
2 3
1 11
1 51
1 95
1 17
2 57
1 1
0
3 15 82
2 49
1 24
2 45
0
1 39
2 7
0
0
1 32
2 65
3 13 12
1 74
2 88
2 1
2 14
3 4 66
0
3 6 25
1 85
0
1 18
1 58
0
2 23
3 5 8
2 100
3 11 31
0
2 75
2 66
3 1 82
0
1 98
3 0 8
3 7 24
3 4 83
0
1 73
1 86
1 62
0
3 12 87
1 26
1 98
2 58
1 22
3 7 6
0
1 23
0
0
2 55
1 86
3 15 77
1 89
2 34
3 10 41
3 12 52
1 62
0
0
1 41
0
3 3 43
3 4 100
2 93
3 5 74
2 37
0
3 13 5
0
0
2 54
3 4 90
3 9 1
0
0
0
2 29
3 14 71
0
3 7 76
2 94
0
2 92
2 27
2 31
3 9 100
1 2
1 21
1 48
1 21
3 5 25
3 5 26
3 13 67
3 4 20
0
0
1 14
1 17
3 1 11
1 16
0
0
2 93
1 71
2 32
0
1 49
0
0
0
1 12
2 49
1 52
0
1 88
0
3 8 66
2 17
1 68
3 3 15
0
1 75
2 99
3 8 53
2 74
2 14
1 47
1 75
2 12
1 90
0
1 95
3 10 12
1 73
0
3 14 17
3 12 98
1 37
3 7 92
1 77
0
3 0 29
3 4 59
1 86
1 5
2 20
0
0
3 3 54
0
2 92
0
0
1 84
2 27
0
2 44
2 55
2 91
1 81
0
0
3 4 31
2 75
3 7 93
3 11 65
2 67
0
2 47
1 98
2 39
1 50
1 23
0
3 11 22
3 9 59
3 14 94
1 10
3 3 76
3 6 34
0
0
2 83
0
0
3 10 19
2 19
1 45
3 12 4
2 92
3 5 69
1 83
2 73
0
0
2 13
1 37
1 12
3 15 47
3 14 71
2 12
2 36
3 1 90
2 89
3 6 4
2 46
1 58
1 36
0
3 6 27
1 100
1 3
0
1 92
3 9 65
1 48
3 6 33
3 4 16
2 57
1 63
2 94
0
3 15 46
3 4 18
3 4 52
3 3 20
3 8 13
2 9
1 57
2 8
3 6 5
3 15 84
3 12 9
1 49
3 6 53
1 78
3 0 7
2 37
3 9 77
0
2 6
3 12 2
1 48
0
3 7 85
1 50
3 5 9
0
0
1 37
0
0
3 11 40
3 11 61
0
2 11
1 22
3 10 50
0
1 42
1 29
1 65
1 98
user
3
3 11 45
2 59
3 2 96
0
1 36
2 96
2 32
0
3 15 50
1 11
0
1 41
2 9
0
1 13
3 1 71
0
3 9 65
1 66
2 85
3 4 87
3 4 37
0
1 83
2 72
3 6 45
0
1 45
0
0
3 12 72
0
3 2 81
0
3 13 85
0
1 66
3 11 8
0
1 62
3 11 25
3 2 43
0
1 16
0
0
1 92
2 71
3 15 23
1 70
3 0 18
0
3 14 1
2 62
1 24
1 53
1 85
2 6
1 80
3 10 49
1 54
3 14 44
0
2 48
2 67
1 53
3 11 22
0
2 54
2 45
1 21
0
1 73
2 36
2 74
3 6 2
3 4 39
1 93
2 14
1 55
2 94
3 13 56
3 12 96
0
3 0 46
2 99
2 32
1 57
3 4 8
2 86
3 6 8
1 50
3 14 29
1 89
1 63
3 12 59
1 97
0
3 8 86
0
2 76
2 5
1 20
1 22
2 59
1 62
0
0
3 1 75
2 2
3 6 56
2 91
1 70
0
3 7 53
3 2 43
1 46
3 12 49
3 4 75
3 4 26
0
3 4 17
1 93
2 60
1 100
2 81
2 44
3 11 7
2 85
2 60
0
0
1 12
1 78
3 12 67
0
3 12 89
1 9
2 88
2 42
1 58
1 25
3 4 10
3 2 97
2 29
2 79
1 9
1 63
1 8
3 4 27
0
2 51
3 13 41
1 34
3 4 14
2 45
2 29
0
2 20
1 56
3 1 74
3 12 38
2 57
2 5
0
2 20
3 8 31
3 15 46
3 2 88
3 9 100
1 38
0
3 7 84
1 53
3 7 12
3 15 78
1 86
2 70
1 79
2 100
0
2 64
1 22
1 62
0
0
3 7 75
2 35
2 7
0
1 12
1 34
1 76
3 2 71
1 5
1 57
0
3 7 17
0
2 5
2 53
1 77
1 45
2 27
3 11 3
0
3 15 66
3 7 42
3 14 43
3 6 36
2 18
0
1 88
3 4 13
0
2 55
3 7 9
1 86
0
3 5 62
1 35
3 4 41
0
3 14 53
2 32
0
3 2 36
3 7 5
3 7 68
0
2 16
1 74
1 56
2 85
2 10
0
2 24
3 8 7
0
2 33
2 92
0
2 70
1 1
3 2 35
2 21
1 36
2 65
0
1 71
3 5 94
2 87
3 7 17
1 69
2 58
2 47
3 10 32
2 59
3 7 77
0
2 95
3 5 72
1 48
0
0
3 1 42
3 2 50
3 1 83
3 4 60
1 52
0
0
1 62
3 10 90
1 77
1 5
3 13 85
2 18
3 13 47
2 86
1 31
1 11
3 4 83
2 1
1 39
1 75
0
2 50
3 4 82
1 89
1 93
0
0
3 4 10
2 22
2 56
2 89
0
1 76
3 13 9
2 61
2 16
0
3 10 67
2 66
1 70
0
0
2 42
2 24
2 82
3 4 64
0
3 4 79
1 29
3 9 95
2 2
3 1 46
1 43
2 67
0
0
1 58
3 0 50
2 47
3 9 65
2 25
2 13
3 15 31
3 5 31
2 62
2 65
1 30
2 49
3 0 57
0
1 13
3 11 72
1 30
3 0 32
0
3 13 80
0
3 13 31
2 4
0
2 74
0
0
3 6 80
3 4 25
1 48
1 73
3 9 69
3 4 10
3 8 81
1 94
2 61
2 59
0
0
0
3 13 52
0
2 91
1 12
2 69
0
2 89
1 56
1 81
3 15 59
3 7 48
3 4 72
2 73
2 60
2 80
3 0 14
0
3 12 77
3 14 20
0
1 42
1 38
0
3 6 39
3 9 33
0
3 1 91
2 25
2 18
0
0
0
3 6 100
0
2 29
2 56
0
0
0
3 10 67
3 0 77
3 9 65
3 1 96
1 13
0
0
0
1 49
3 15 40
3 14 41
0
2 16
2 31
0
0
0
1 19
3 4 2
2 94
3 8 90
1 77
0
1 40
0
2 58
3 4 53
2 100
2 17
2 36
2 21
0
3 10 75
2 48
2 97
0
1 17
0
2 42
3 5 64
2 2
3 5 81
0
3 14 76
0
1 2
1 18
2 99
1 8
1 46
1 12
1 45
2 98
1 47
1 27
2 99
1 69
0
2 80
0
3 9 24
0
3 7 89
2 25
2 24
0
2 82
1 15
0
1 23
2 60
2 30
1 16
1 22
3 13 69
3 6 94
2 18
2 49
2 57
1 16
3 13 50
3 15 72
3 0 15
2 38
1 40
0
1 23
3 2 16
1 47
0
1 26
2 47
0
3 9 53
0
2 50
1 57
1 84
1 70
0
3 6 12
3 5 8
1 67
3 8 88
0
1 57
2 82
2 87
1 18
0
2 45
1 37
1 39
2 72
2 56
2 26
2 92
1 70
2 82
2 37
0
0
3 12 4
3 7 72
0
1 40
1 61
2 39
3 2 13
0
1 82
2 51
3 15 50
1 23
2 81
2 35
1 88
3 15 58
3 0 59
2 44
3 7 2
3 4 73
3 2 71
1 45
3 0 86
0
3 0 54
2 55
1 14
2 17
3 13 51
1 98
0
2 6
3 13 28
0
2 81
2 22
2 87
0
2 57
3 11 90
3 4 37
3 0 23
2 46
2 93
2 10
0
1 89
3 13 52
2 73
2 91
1 92
0
2 87
1 72
1 60
2 60
3 10 80
2 27
2 50
1 25
1 85
2 11
3 4 83
1 46
0
1 16
0
1 17
3 13 23
3 10 8
2 7
1 58
0
0
1 77
2 47
2 72
1 27
2 43
3 15 7
2 3
0
0
1 58
3 8 89
0
3 11 6
2 82
1 32
3 6 66
3 10 3
3 10 14
3 6 81
0
0
3 11 73
1 40
2 84
3 2 7
0
3 9 100
2 14
2 90
3 5 91
2 28
3 9 33
0
1 21
1 70
3 9 66
0
3 0 58
0
3 7 74
3 13 1
1 27
2 47
0
3 11 73
0
1 71
0
2 25
0
3 9 47
1 38
0
1 81
0
1 98
3 15 39
0
3 11 92
3 2 96
3 5 29
2 73
3 6 72
3 1 38
2 5
3 4 1
1 73
2 52
3 5 93
1 79
3 15 21
0
1 63
2 80
0
2 10
1 9
0
3 4 46
1 51
0
0
2 74
1 22
3 1 74
0
2 96
1 36
2 67
2 94
1 24
1 55
1 32
2 96
2 21
0
1 31
1 70
3 4 23
1 97
1 10
0
3 12 86
1 85
3 4 100
1 12
3 11 81
2 22
2 31
1 8
1 49
1 67
0
0
1 79
2 7
2 11
3 9 3
2 94
1 49
1 15
2 90
1 53
3 0 27
2 43
3 1 49
0
3 11 49
2 32
3 1 70
3 4 33
1 65
2 95
3 7 52
0
0
3 1 35
3 11 5
1 69
3 5 86
2 28
0
2 59
0
3 10 38
2 38
0
1 52
0
1 60
1 39
2 78
1 39
2 57
1 4
1 33
3 0 37
3 11 1
3 9 18
3 9 58
1 12
1 45
1 3
2 87
1 75
2 15
2 13
2 60
1 68
0
2 31
2 93
0
2 26
2 4
3 8 27
2 44
3 11 17
0
3 14 94
0
0
2 93
2 72
2 85
1 56
1 23
2 68
3 2 75
0
2 65
0
1 41
1 83
2 76
0
3 15 23
2 100
1 82
3 10 11
0
2 5
0
3 10 95
2 34
2 40
0
0
2 66
0
3 15 59
0
2 48
1 36
2 24
2 96
0
2 59
0
2 98
2 88
0
1 67
2 20
2 57
1 74
2 21
0
0
1 13
0
3 5 48
1 50
2 25
2 45
1 56
1 20
1 55
1 66
1 72
1 51
1 78
3 11 47
2 58
0
1 47
3 10 66
2 33
1 85
1 16
1 97
3 6 80
1 93
3 14 65
1 2
1 70
1 80
0
3 6 81
1 36
3 8 63
2 77
2 54
0
3 5 77
0
1 84
1 5
3 8 100
0
3 11 43
3 15 74
3 2 13
3 2 59
1 12
2 59
1 1
0
3 8 51
0
3 15 77
1 36
2 84
0
0
2 2
3 7 42
2 29
0
1 55
1 35
2 64
1 10
1 30
3 1 71
3 4 53
3 0 42
3 2 42
3 4 38
1 51
1 51
3 15 59
1 78
2 34
1 98
2 1
1 44
2 31
1 89
1 85
3 10 88
0
3 2 21
2 30
2 50
1 50
3 13 49
3 14 9
2 39
2 9
3 11 26
3 11 26
1 42
3 4 31
2 8
2 93
0
0
0
0
2 19
2 14
2 82
2 67
0
3 2 31
3 9 25
0
1 27
1 4
1 68
2 43
0
3 2 10
0
3 5 44
0
0
1 87
3 1 45
3 9 89
1 46
2 96
1 7
1 9
3 11 98
1 8
3 7 38
1 82
3 13 98
2 52
1 30
3 5 23
3 14 54
3 11 78
0
0
1 10
0
0
1 12
2 10
3 15 86
2 88
0
2 20
3 15 94
3 13 42
3 14 93
0
0
0
3 10 94
2 53
1 13
2 54
0
2 71
2 34
0
0
1 66
3 8 1
2 68
1 68
0
2 75
2 74
3 14 73
1 22
3 11 79
2 42
3 7 52
user
4
0
1 42
0
3 1 7
3 0 23
2 56
0
3 10 21
0
0
1 62
3 8 91
3 15 17
0
2 60
3 11 59
3 15 13
0
1 46
1 38
1 7
3 5 97
1 54
1 95
1 73
2 81
0
2 98
1 18
1 38
2 72
0
1 58
3 10 46
2 94
0
3 6 37
0
0
3 0 57
2 2
0
0
0
2 98
0
2 66
2 90
1 28
3 3 40
0
3 7 29
1 72
0
1 16
2 49
2 22
1 34
3 3 61
2 84
0
0
3 5 43
2 34
3 7 42
2 27
1 54
0
2 70
1 34
1 23
0
1 66
3 15 86
1 40
2 89
2 64
0
0
0
3 7 43
0
0
1 34
3 10 39
0
3 13 27
1 68
2 3
1 81
0
2 38
0
0
2 80
2 99
0
3 3 25
1 70
0
3 1 35
3 7 35
1 100
0
0
1 89
1 71
0
3 9 84
1 99
2 93
0
1 84
3 15 16
0
2 82
0
1 51
1 70
2 39
0
2 78
1 34
2 72
2 50
3 10 6
0
0
3 0 20
0
3 8 60
0
2 79
0
3 12 48
3 15 87
2 71
1 84
1 71
1 14
3 6 41
0
1 7
2 52
2 11
1 97
0
1 55
1 41
2 4
2 55
0
3 15 3
0
2 49
3 3 4
2 11
1 16
3 0 53
1 41
2 71
3 14 72
0
2 19
0
1 24
3 9 94
2 42
3 3 45
1 51
1 45
3 8 18
1 8
3 2 100
0
2 21
1 58
1 64
1 21
1 18
3 1 55
0
2 76
2 56
2 34
2 80
0
3 0 93
0
3 15 3
1 13
3 14 33
2 7
3 5 26
3 5 98
3 13 21
2 34
2 79
3 5 62
0
2 65
1 26
2 98
0
1 56
2 61
1 58
0
0
1 64
3 3 73
3 3 41
0
3 11 79
2 72
2 16
0
1 73
1 21
2 74
3 14 57
3 1 90
1 40
2 5
3 3 18
2 89
0
2 22
2 22
1 22
1 52
2 76
3 1 71
3 3 41
3 14 35
2 17
1 25
2 61
3 8 81
2 60
1 40
0
3 12 60
0
2 41
0
1 58
2 3
1 6
2 60
3 8 39
0
3 9 37
2 100
2 41
0
3 8 4
1 99
3 5 20
2 74
0
3 12 96
2 78
2 3
3 1 64
3 6 95
3 5 82
2 14
3 15 42
1 11
2 96
2 26
0
0
2 68
1 84
0
3 10 81
3 5 79
3 3 19
1 70
1 75
2 61
2 25
3 6 38
3 12 72
1 94
2 14
3 10 90
3 5 68
3 1 12
2 53
0
2 80
2 46
3 9 28
0
0
1 71
1 3
0
2 8
1 63
0
2 35
0
0
3 14 83
1 73
1 29
2 20
3 10 36
0
2 40
3 10 63
3 13 90
0
1 76
1 41
0
0
2 31
0
2 37
2 43
2 72
2 18
0
3 2 31
1 76
1 79
0
0
3 5 23
3 10 93
3 15 20
1 6
2 17
2 78
3 5 88
0
0
0
1 20
0
1 86
1 14
3 9 37
0
3 8 96
3 5 96
2 47
2 27
3 11 88
1 88
1 18
0
1 50
3 7 72
3 11 6
0
1 94
1 46
1 10
2 57
2 54
1 3
0
0
2 55
0
3 9 86
0
2 62
0
1 8
0
1 59
0
2 40
0
3 15 61
0
1 41
3 6 31
3 15 70
1 29
1 6
3 5 43
1 30
0
3 12 47
2 58
0
1 75
1 41
1 4
2 71
0
0
1 19
3 6 27
3 1 95
1 38
2 67
3 5 71
0
1 38
0
3 11 63
3 2 54
3 13 61
0
3 8 69
1 9
0
3 9 96
1 74
1 95
1 94
2 47
1 33
2 58
3 6 71
0
3 13 28
2 5
3 14 38
1 43
1 70
0
2 98
3 11 43
2 97
1 44
1 5
3 15 90
3 14 8
1 23
1 85
2 10
1 41
1 49
2 12
0
2 32
1 91
3 2 47
3 2 87
0
2 29
3 0 63
2 84
0
3 5 7
1 24
3 11 98
2 48
1 45
0
2 41
2 25
3 9 19
2 90
3 9 94
3 15 1
0
2 8
0
1 55
1 97
2 85
0
3 5 93
1 68
3 14 34
2 8
1 51
1 72
0
3 3 34
1 84
3 10 28
2 66
3 15 96
1 98
0
0
1 11
2 84
2 20
2 66
0
3 7 75
2 23
1 43
3 5 58
0
3 5 71
2 96
0
0
3 2 60
2 59
0
3 3 86
1 25
0
2 33
3 0 78
2 60
3 2 87
2 31
0
3 11 53
3 11 58
3 1 81
1 35
2 21
2 21
2 31
0
2 49
3 3 38
3 10 36
2 17
0
1 67
2 23
1 20
1 14
1 3
0
0
2 97
2 71
2 23
3 7 44
3 12 6
3 12 40
0
2 53
0
2 49
3 5 70
0
0
1 36
3 3 52
3 2 11
3 15 59
3 15 28
2 95
1 84
0
1 43
1 95
0
2 57
1 33
1 27
2 77
1 55
0
3 15 47
1 76
1 6
2 53
3 14 61
3 14 17
3 1 18
2 47
2 65
2 65
2 22
0
2 61
0
0
3 5 43
0
1 87
3 0 75
3 7 52
0
3 12 38
0
1 74
3 2 50
1 55
3 11 48
1 93
0
1 60
3 5 5
0
2 35
0
3 15 72
3 2 23
3 15 30
0
2 82
0
2 43
1 59
1 72
0
1 79
2 42
1 98
3 5 61
2 15
0
0
0
2 29
1 62
2 21
2 51
0
2 23
1 20
2 53
2 99
3 0 85
0
2 77
3 11 87
0
3 11 78
1 72
1 93
1 6
3 9 8
3 11 21
1 63
0
3 10 98
3 6 17
1 72
0
0
0
1 75
3 5 69
0
1 94
2 57
2 4
2 7
0
1 31
1 87
2 93
1 24
3 10 86
3 13 58
3 3 71
2 91
0
3 11 89
0
2 80
0
3 1 51
3 12 11
1 93
1 16
3 2 40
3 11 37
1 6
1 40
2 79
1 23
2 82
2 45
2 18
3 15 51
1 50
0
0
1 4
3 10 3
1 37
0
3 8 80
3 15 31
1 64
3 3 10
2 4
3 11 18
2 5
0
2 43
1 30
3 5 1
2 35
3 8 45
0
1 87
1 39
1 95
3 0 28
0
0
1 69
2 100
3 11 45
3 6 16
1 48
0
2 95
2 34
3 13 64
1 89
0
1 17
1 29
3 8 43
2 24
1 51
1 20
2 8
0
2 69
0
0
3 2 33
2 26
1 52
3 13 31
1 18
3 11 61
0
3 10 35
1 84
2 21
3 2 22
2 2
0
0
1 15
3 0 34
3 9 11
2 67
2 91
0
0
0
3 12 38
2 29
1 67
1 61
3 2 50
1 96
0
3 9 45
2 53
1 74
0
3 2 43
0
1 58
0
1 58
2 68
2 64
1 78
0
0
0
0
3 5 71
1 95
2 91
1 33
1 54
3 9 55
1 45
0
0
2 99
3 2 53
2 31
3 8 96
1 33
1 80
2 36
3 1 21
0
0
0
3 12 23
3 6 70
2 75
3 7 2
0
0
2 17
0
3 10 91
0
3 15 26
0
1 83
0
1 59
1 92
2 15
1 25
0
2 17
2 45
0
3 12 28
1 97
1 44
3 14 98
1 95
3 5 21
0
2 30
1 29
2 25
2 4
3 13 18
1 60
1 65
3 9 100
1 43
0
0
3 15 82
1 57
0
0
0
1 4
0
3 3 48
3 5 39
3 15 53
0
3 13 24
3 12 30
3 6 48
3 7 93
0
3 14 36
1 21
0
0
1 24
2 11
0
3 5 72
0
3 2 7
3 8 79
0
2 37
3 10 4
1 23
0
2 49
3 15 100
1 23
1 37
2 10
1 42
2 61
1 41
3 3 65
3 3 54
0
3 5 68
1 79
1 48
1 38
0
0
1 41
2 3
2 11
1 29
3 3 57
1 84
2 45
1 92
1 7
0
1 74
0
0
3 7 4
3 12 77
0
3 9 21
1 19
0
1 35
1 84
2 4
2 38
2 26
0
3 0 69
0
0
3 2 4
3 3 71
0
3 9 90
3 14 35
2 46
3 0 37
1 69
0
3 14 42
2 29
0
1 21
1 35
2 36
3 6 45
3 3 7
1 4
1 54
0
1 66
2 96
0
0
3 1 2
1 52
2 14
0
3 7 75
2 43
0
1 64
1 87
1 71
1 40
1 45
3 6 100
1 28
0
0
3 10 79
1 14
1 14
1 2
2 56
2 54
2 99
0
0
0
2 66
2 16
0
2 72
2 86
2 28
2 91
3 13 85
3 2 72
1 48
1 13
0
1 57
1 69
3 11 100
3 9 70
3 13 96
0
1 49
3 13 20
2 65
3 15 71
1 32
0
1 94
1 1
0
2 94
2 36
1 32
0
0
1 68
1 56
2 4
0
0
2 97
3 0 71
3 14 66
user
5
1 54
0
0
2 80
1 42
2 38
1 12
1 74
3 6 68
1 42
0
1 10
2 18
1 22
3 14 45
0
3 2 91
0
1 29
3 3 88
1 97
2 11
0
3 14 23
3 14 46
0
3 0 41
2 47
0
0
1 79
3 0 22
2 49
3 7 53
3 0 76
3 3 49
0
1 91
1 21
0
2 6
2 64
3 1 58
0
0
1 16
2 26
0
3 15 56
1 93
0
1 12
3 6 8
2 19
0
3 12 4
3 14 82
1 28
2 55
3 9 48
3 6 45
0
3 7 44
1 74
1 53
0
0
3 15 69
3 9 13
3 8 94
3 3 29
3 13 67
3 3 49
0
0
0
0
3 7 36
0
2 60
0
1 50
2 41
2 34
3 12 49
0
0
1 37
2 92
3 9 9
0
2 75
0
2 80
0
0
3 4 41
3 8 17
1 38
1 55
1 94
0
2 93
2 34
0
3 3 25
3 13 43
3 4 74
1 99
2 98
0
1 55
1 87
0
2 4
1 30
0
0
0
0
0
3 3 36
3 4 26
1 82
1 13
0
0
2 21
3 6 35
2 42
2 61
1 1
3 11 83
0
1 83
3 4 11
2 40
0
3 15 77
2 13
0
2 4
3 9 50
1 44
0
2 23
2 16
3 13 80
3 13 42
3 11 15
3 6 65
0
1 77
2 38
2 79
1 35
0
2 65
2 43
0
1 57
0
1 32
2 51
0
0
0
2 12
1 23
2 45
1 36
3 1 40
0
3 14 37
0
3 4 23
1 15
0
3 6 93
0
1 75
1 43
3 11 42
2 87
1 28
2 16
3 1 60
3 3 56
2 20
2 62
0
3 14 37
1 6
1 46
1 68
3 6 72
1 46
1 69
3 2 51
2 52
1 44
2 69
2 51
2 60
1 46
0
1 64
0
1 50
2 61
0
1 10
3 9 49
0
3 13 22
0
1 77
1 63
0
3 13 52
1 64
2 51
1 26
2 19
1 79
2 16
2 4
1 61
3 11 70
1 72
1 81
2 13
1 44
3 14 54
1 23
2 66
1 57
0
1 83
0
3 11 80
2 10
3 2 68
1 93
0
3 0 37
3 2 64
1 99
0
1 93
2 23
1 56
0
1 9
3 15 3
3 2 92
1 20
0
1 44
1 87
1 81
0
0
0
2 51
1 18
0
3 3 58
3 0 90
1 73
0
2 99
0
0
3 6 33
3 1 26
3 8 89
1 97
0
1 63
2 60
1 22
1 82
0
0
2 10
1 41
2 80
0
1 38
3 2 60
0
0
2 25
2 85
0
1 59
0
0
3 12 32
0
2 47
2 95
2 11
1 6
3 8 82
0
1 53
3 4 35
3 11 67
2 12
2 37
3 3 73
0
2 84
1 5
0
0
2 20
1 21
1 20
1 63
3 7 1
1 51
2 32
2 70
0
1 43
1 64
2 24
1 62
3 1 10
3 11 62
1 78
0
0
2 60
3 0 7
0
1 13
2 65
2 13
3 9 74
3 6 99
0
1 67
3 2 66
2 7
3 8 91
3 11 43
2 46
2 70
2 89
0
2 56
1 64
1 5
1 21
0
3 1 51
0
0
0
0
1 43
2 88
0
0
3 11 12
1 2
2 93
2 58
2 60
0
0
1 38
1 4
3 8 47
2 36
1 11
3 7 83
3 2 22
3 6 93
1 81
0
2 43
2 8
0
1 49
1 55
2 96
0
1 91
2 26
0
0
2 27
0
0
3 0 96
3 15 79
2 67
2 91
1 63
0
3 2 56
2 44
1 97
1 28
1 15
2 14
1 46
3 4 45
2 16
2 91
2 33
0
0
3 11 25
1 77
2 5
1 48
1 78
1 48
3 6 64
0
1 83
2 90
3 2 57
3 10 6
1 88
2 98
2 94
3 0 36
1 43
2 25
2 11
3 14 2
0
1 73
3 6 83
3 4 39
3 6 39
1 27
1 72
2 49
3 7 26
0
2 81
3 6 57
3 13 15
2 23
2 15
3 0 99
1 72
0
3 3 97
2 40
0
2 3
1 23
2 17
0
3 4 52
1 43
2 11
1 16
1 87
3 1 41
0
2 12
2 16
1 64
1 2
0
1 28
3 1 61
2 71
1 30
1 9
0
2 36
0
0
2 18
1 95
1 44
3 2 4
0
3 4 94
1 64
3 4 56
0
3 2 99
0
1 90
3 9 41
1 11
3 14 3
1 74
0
2 23
1 3
3 2 81
1 47
2 83
2 33
2 85
3 14 37
3 6 52
2 5
2 31
2 87
3 7 76
2 43
0
0
0
2 6
3 6 11
3 8 66
2 74
1 18
3 8 27
2 58
3 0 88
2 17
3 6 57
2 84
1 8
2 94
0
2 66
0
3 14 74
3 6 69
3 6 63
2 87
0
3 6 19
0
2 80
3 13 38
2 82
1 13
0
0
2 78
2 43
3 8 92
1 20
2 48
2 43
1 13
2 49
1 88
0
0
1 2
3 0 79
3 11 70
1 18
0
2 10
3 6 4
0
2 82
1 43
0
0
2 13
3 11 58
3 11 35
1 33
2 78
1 78
2 100
2 98
0
3 15 79
1 87
2 5
0
1 68
0
3 11 70
3 6 13
2 37
3 15 73
3 11 63
3 12 15
2 51
2 67
0
1 66
3 15 91
1 15
0
1 11
2 18
0
0
3 14 26
1 3
3 0 4
0
1 12
3 8 24
1 3
2 76
1 58
2 93
1 6
1 64
2 32
3 11 59
0
3 7 76
1 18
2 15
3 3 37
3 7 53
0
0
2 15
0
3 13 61
0
2 69
3 8 39
0
2 90
1 46
3 3 24
1 26
3 4 53
2 55
3 6 83
2 23
3 3 11
3 9 46
0
0
0
3 14 13
3 12 43
2 70
2 1
0
0
3 0 83
1 63
0
0
0
3 12 84
3 7 67
3 8 36
0
1 77
0
0
1 89
2 31
1 55
3 10 86
3 7 2
0
2 33
1 5
1 74
1 48
3 11 99
0
0
3 9 53
0
1 31
2 83
2 24
2 87
0
3 7 51
1 93
0
2 65
2 15
1 94
2 30
0
3 11 27
0
1 70
0
2 23
1 29
3 10 20
2 15
0
0
1 40
2 97
0
0
2 97
2 99
1 74
0
3 6 97
1 48
0
0
2 42
0
3 4 90
1 36
2 28
0
3 11 8
0
0
1 77
1 24
2 91
3 2 42
1 44
3 11 39
0
3 7 8
1 8
2 39
1 18
1 45
3 15 4
3 1 49
2 41
1 75
0
0
1 51
0
0
0
0
1 50
3 8 19
2 93
1 43
3 7 85
2 41
2 27
1 93
2 66
3 4 85
2 34
3 11 41
3 13 56
3 0 64
2 65
1 43
0
1 5
0
1 85
0
3 7 56
0
0
1 2
1 68
2 4
2 12
2 90
1 41
0
0
3 6 26
0
2 74
3 6 24
1 43
3 1 27
0
2 25
0
1 98
1 79
3 13 99
0
1 87
0
2 45
3 3 98
3 2 95
0
2 34
3 14 72
3 2 68
2 34
2 59
1 82
2 26
2 53
2 99
0
3 3 33
2 82
3 14 67
0
3 15 100
2 45
0
2 77
0
0
0
3 1 90
0
3 13 28
0
0
2 32
2 87
1 96
0
1 93
2 60
0
3 9 19
3 1 34
3 7 100
2 60
3 0 86
1 7
3 14 55
1 64
3 4 2
2 78
1 59
3 10 52
2 3
3 12 23
3 11 26
1 75
3 13 35
2 36
2 38
0
1 96
0
0
2 96
2 1
0
2 13
2 61
0
2 82
1 82
2 32
2 89
3 11 88
1 29
3 13 99
0
1 42
3 8 14
3 6 24
2 9
3 4 73
3 4 76
0
1 83
2 89
2 10
2 30
0
0
3 8 4
3 8 36
1 23
3 8 37
2 46
3 2 16
0
1 49
3 10 69
2 3
3 6 45
3 4 58
0
0
3 0 52
3 3 22
2 43
1 24
1 51
1 94
2 47
3 1 54
1 22
1 59
3 14 76
1 51
3 2 90
3 4 90
0
1 86
3 9 27
1 60
2 100
3 7 36
3 0 4
3 6 81
0
3 15 94
3 1 89
2 32
2 65
0
2 21
2 61
0
1 44
2 100
0
1 52
0
0
2 10
0
3 6 96
1 16
3 12 7
3 6 56
1 43
1 30
2 22
0
1 84
3 3 17
2 94
2 66
0
3 8 53
2 52
3 0 7
1 22
1 32
1 96
1 58
3 3 77
0
2 20
2 7
3 3 6
3 9 31
1 88
0
1 95
1 60
3 8 26
2 7
0
0
2 78
2 40
3 0 38
3 14 51
1 9
0
3 1 21
0
2 35
0
0
3 7 74
0
0
0
2 9
2 26
2 1
0
2 30
0
0
3 10 24
3 8 41
1 30
1 16
2 37
0
3 15 43
1 95
3 2 37
2 21
1 34
2 83
1 4
user
6
3 5 43
1 81
2 23
1 61
2 53
3 1 61
3 0 75
2 99
0
0
3 9 55
1 24
3 4 72
2 74
1 14
0
2 78
3 2 16
1 24
1 5
3 3 11
1 6
1 32
1 35
1 56
0
2 17
3 11 69
0
3 11 93
1 83
3 3 53
3 2 94
0
2 4
1 10
1 27
2 83
1 44
1 24
2 68
3 15 13
3 12 58
2 31
3 13 96
1 76
3 10 12
1 35
3 13 64
0
0
2 79
3 7 3
2 95
2 93
3 13 35
0
0
3 15 72
0
3 11 89
0
1 73
0
0
3 5 53
0
1 57
3 2 13
1 67
1 78
3 11 72
2 24
0
1 96
1 38
1 75
3 1 78
3 12 8
2 75
1 86
0
3 10 37
1 31
1 36
3 11 27
2 31
1 6
3 14 41
2 10
2 10
2 41
3 0 26
3 1 31
0
1 78
3 15 60
2 72
1 18
3 2 57
2 13
3 11 66
1 64
3 7 59
0
0
2 38
0
0
0
0
0
1 99
0
3 2 100
1 7
3 15 14
2 7
1 15
3 3 95
0
1 16
2 94
0
2 26
1 7
1 58
2 98
3 4 62
0
2 29
3 7 93
1 67
1 17
1 54
1 18
1 67
3 5 92
3 4 83
3 13 82
2 96
2 82
1 76
3 10 71
0
0
1 80
3 14 6
3 7 79
2 84
1 22
1 81
2 87
3 7 83
1 24
2 57
1 97
1 82
0
0
0
2 18
0
3 8 38
1 12
1 100
3 2 75
1 74
1 89
3 13 82
0
1 95
2 8
0
0
0
0
1 49
2 85
3 3 14
1 9
3 8 39
1 82
1 76
1 17
3 8 58
0
3 15 59
3 7 49
0
3 4 67
0
3 2 85
2 48
2 54
2 63
0
0
1 1
0
2 11
2 70
0
0
0
1 56
1 32
0
1 8
3 13 84
2 53
2 22
2 78
1 67
1 76
1 99
0
0
3 9 40
1 10
0
1 42
2 3
2 52
1 51
3 8 50
1 59
0
1 100
0
3 7 2
2 66
0
1 34
1 31
1 40
3 12 22
0
0
3 8 52
1 57
1 32
0
2 48
1 95
2 66
0
2 82
1 55
0
2 4
3 9 79
2 61
1 16
3 3 10
0
2 17
3 7 23
0
3 14 33
3 9 18
1 27
3 3 7
0
0
0
3 13 6
2 33
2 24
2 85
3 11 42
1 48
3 12 62
1 45
1 21
2 38
2 10
1 5
1 100
2 21
1 10
3 4 32
1 51
1 48
2 22
3 7 28
2 75
1 53
1 85
2 54
3 10 73
0
1 53
1 27
1 32
3 4 94
1 58
3 2 69
0
1 4
1 31
0
3 10 17
1 43
3 7 29
3 4 68
3 15 4
3 13 95
0
2 49
2 11
3 12 64
0
1 44
2 74
1 23
0
0
3 8 68
2 83
2 69
2 33
1 81
1 52
2 6
3 7 31
0
3 7 76
2 74
1 33
0
0
0
1 95
0
0
1 72
1 92
0
3 5 49
1 43
0
1 14
1 67
0
0
0
2 47
3 13 71
1 84
3 0 57
1 6
1 46
1 50
1 81
3 5 39
2 37
3 7 16
0
2 57
3 1 43
2 98
0
1 27
1 54
1 45
2 22
2 50
0
1 32
0
1 66
3 15 55
2 54
2 47
2 17
1 81
2 97
2 45
2 36
3 0 42
2 19
0
1 50
1 95
1 92
2 34
3 14 67
3 12 9
2 43
0
3 8 56
1 63
1 36
1 58
3 10 88
2 100
3 0 39
0
3 5 1
2 41
1 62
2 46
1 73
3 5 13
3 5 74
2 74
2 9
3 0 97
0
3 8 57
2 36
3 5 65
2 89
3 14 46
0
2 34
0
2 5
0
0
3 13 11
2 33
3 1 41
2 35
0
1 14
2 80
2 14
2 66
1 46
3 8 12
3 2 48
1 22
0
3 5 58
0
2 79
2 58
1 54
1 96
3 12 12
2 20
2 69
0
2 36
1 35
1 86
3 11 48
0
0
2 60
1 15
2 12
3 2 100
2 76
3 14 40
2 68
3 11 75
2 69
1 36
1 53
3 7 27
1 17
1 21
1 54
3 11 31
3 7 31
0
0
1 89
0
2 67
1 63
2 5
3 1 74
0
1 60
0
1 37
3 9 20
0
3 4 19
1 82
0
3 0 26
0
1 96
2 85
1 48
2 3
2 90
1 48
3 13 54
0
2 10
1 4
3 0 86
1 43
3 15 23
2 32
0
3 5 8
2 72
3 15 55
0
2 1
1 68
0
1 81
0
1 80
1 73
1 73
0
1 66
1 15
2 37
0
2 70
1 86
1 71
0
2 95
0
1 77
0
0
0
0
0
0
2 62
0
0
1 20
0
2 7
1 59
2 65
3 7 22
1 64
0
1 39
1 98
0
1 37
3 4 69
0
1 19
0
0
1 54
1 30
3 11 46
3 2 100
1 78
2 69
0
2 20
2 2
3 1 84
3 12 8
2 85
3 7 28
0
0
1 16
2 77
2 16
3 10 25
3 11 59
0
3 12 65
1 81
3 10 29
0
0
3 2 76
0
0
3 3 91
3 0 64
3 3 80
0
3 12 86
2 57
2 16
3 13 35
2 92
1 6
3 9 94
1 56
0
0
3 7 51
3 2 40
0
0
1 24
1 29
0
0
0
1 100
3 12 83
2 45
1 13
2 5
2 27
0
3 9 90
1 6
0
2 34
3 7 80
1 35
3 14 21
3 12 53
2 95
0
0
3 7 8
2 54
2 50
0
0
2 46
0
2 88
3 4 69
2 11
2 18
1 56
1 44
2 38
0
1 46
1 79
0
0
3 15 98
1 3
0
3 14 3
1 28
0
0
2 87
0
3 2 66
1 38
2 24
0
2 61
0
1 60
0
2 94
2 80
2 41
1 58
1 19
0
3 3 81
0
1 12
2 22
0
2 59
0
3 9 67
3 5 12
1 94
2 76
1 86
0
3 14 13
1 48
2 84
2 91
2 22
2 87
2 66
2 65
2 50
2 73
0
0
3 13 73
1 1
0
1 1
3 8 87
0
0
3 12 81
0
1 20
2 91
2 78
2 44
2 24
2 4
1 62
3 8 73
3 3 51
3 9 24
2 27
3 0 53
2 79
3 3 72
1 20
3 0 84
2 11
1 10
0
2 35
3 8 72
2 24
1 53
3 10 54
1 65
3 14 73
2 56
2 33
0
1 51
2 22
2 65
3 1 4
3 2 87
0
2 15
0
3 0 62
3 10 7
1 57
0
0
1 69
2 96
0
2 66
3 8 46
0
2 31
2 14
1 77
2 83
1 35
0
3 0 31
2 34
2 73
2 94
0
0
2 11
3 8 34
1 65
0
3 15 40
0
2 32
3 4 40
1 43
3 11 39
2 16
3 3 62
0
1 45
1 75
3 1 13
3 11 2
2 5
3 2 73
0
1 45
2 83
1 15
3 1 76
3 1 4
1 25
3 8 80
1 14
3 0 52
2 35
1 19
1 80
3 15 47
3 8 49
3 0 26
3 10 86
2 10
2 68
0
1 92
2 89
0
0
0
1 84
2 7
1 97
0
3 12 99
3 7 46
0
3 11 63
2 17
2 100
2 87
1 92
1 4
2 88
1 88
1 64
3 1 8
3 12 99
2 79
3 1 64
3 7 49
1 46
0
3 4 63
2 2
0
0
1 45
3 2 6
2 72
1 9
2 71
1 91
0
3 7 96
3 13 6
3 3 25
2 99
3 15 83
0
0
3 5 76
2 82
2 32
1 18
0
0
3 12 34
2 97
0
1 70
2 50
3 13 19
2 6
2 22
2 70
3 0 74
1 57
3 13 13
3 7 12
2 23
2 4
2 36
0
2 35
3 13 70
3 10 18
3 5 32
0
3 7 51
2 52
0
3 14 29
2 18
2 55
3 8 44
0
2 91
0
2 51
2 26
1 76
3 13 97
0
1 23
1 80
1 14
3 14 90
0
2 49
3 8 45
0
0
3 14 51
1 57
3 1 100
2 95
3 10 74
2 57
2 26
2 14
2 53
1 9
2 61
0
2 57
0
1 52
3 4 93
0
1 1
0
1 77
3 0 95
0
1 28
1 2
1 13
0
3 3 30
0
2 44
2 51
3 7 15
1 98
3 10 23
0
0
3 10 52
2 17
1 20
0
2 85
1 100
2 75
3 7 90
3 7 78
1 34
1 2
1 27
2 36
3 10 73
2 57
2 55
0
1 63
1 8
0
3 7 85
3 11 88
1 33
3 7 31
2 35
0
2 90
3 13 20
3 12 5
1 91
2 86
1 32
1 71
3 9 83
1 26
0
1 15
3 13 91
3 5 61
1 83
1 70
1 43
3 12 55
3 2 87
1 24
2 60
2 88
3 13 77
0
0
3 10 75
3 7 74
1 28
0
0
1 67
2 97
3 10 33
3 3 100
3 1 64
3 11 46
1 99
1 34
2 35
3 5 95
0
2 50
3 13 56
2 81
2 67
user
7
0
0
0
1 44
3 5 97
2 77
3 11 12
0
3 0 73
0
1 81
0
1 60
0
2 18
0
3 3 38
2 99
0
1 66
0
2 15
0
3 2 96
3 0 4
2 46
3 9 14
2 56
0
1 29
2 16
0
3 12 82
1 82
2 82
2 64
0
3 0 62
3 5 27
2 56
1 39
3 10 2
2 1
3 15 22
1 6
1 55
0
0
0
1 38
0
1 23
3 5 48
3 12 21
3 13 52
3 12 29
2 10
0
0
2 34
1 77
3 8 65
1 10
3 5 43
0
2 4
1 24
1 57
3 4 47
1 49
1 20
2 6
3 8 2
2 6
0
1 68
0
0
2 48
1 45
3 15 90
2 57
1 40
3 14 6
3 11 43
2 23
1 26
0
1 15
2 56
1 30
1 15
2 30
0
3 8 72
0
2 15
3 14 98
2 73
0
0
1 48
3 2 9
2 64
1 73
3 5 35
2 47
3 6 45
1 96
0
0
0
1 84
2 3
2 92
1 79
2 43
1 95
0
0
3 1 23
3 11 23
0
1 12
3 3 67
2 64
2 91
0
2 48
1 53
0
0
2 1
2 98
2 63
1 71
1 65
0
0
1 34
1 14
0
0
2 85
3 11 65
3 14 19
1 92
2 36
2 79
0
3 9 73
0
2 55
1 85
3 12 76
3 11 42
3 6 11
1 51
1 5
0
1 98
1 20
0
2 58
1 36
3 11 78
2 55
1 9
3 3 20
1 63
3 4 54
3 9 82
3 10 53
0
2 20
2 18
2 94
0
3 0 20
1 55
2 88
1 82
0
0
0
3 15 36
3 15 62
0
2 24
3 9 98
0
2 18
2 56
2 25
3 8 91
3 0 96
0
0
3 12 34
3 12 41
0
2 17
3 6 5
0
3 6 18
1 97
3 12 17
3 8 92
3 5 73
0
1 87
0
2 39
0
2 29
2 96
3 3 50
1 45
1 1
1 7
2 43
2 99
1 2
1 90
2 95
2 9
3 0 33
2 89
2 60
0
3 15 100
0
0
3 4 59
2 39
1 91
0
1 3
2 39
1 49
1 61
0
1 30
1 41
2 100
0
0
3 8 80
1 78
0
0
3 8 16
3 1 38
2 39
0
0
0
2 37
1 47
0
3 15 45
2 39
2 11
3 5 37
3 15 60
1 95
3 6 49
3 2 50
1 6
2 89
1 25
2 36
0
1 15
0
0
3 12 72
1 39
2 18
3 0 11
0
0
1 35
1 73
2 38
1 3
1 22
3 10 51
1 42
1 32
3 15 54
0
0
3 5 22
1 88
1 100
2 97
1 38
0
0
2 72
3 10 34
1 12
3 10 38
0
0
3 0 22
0
3 6 26
2 69
1 19
3 1 45
3 4 19
3 8 98
2 79
0
3 6 60
1 57
1 81
3 4 44
3 6 92
0
1 75
1 50
2 80
3 2 53
1 26
3 2 70
0
0
3 5 43
3 4 19
1 36
1 16
2 8
3 3 7
2 47
2 64
3 2 37
2 18
1 1
1 82
0
3 13 20
2 54
0
1 46
2 26
1 17
3 15 40
2 21
0
1 39
0
1 19
1 6
1 42
0
2 87
0
1 7
3 12 47
0
0
0
2 50
1 61
0
3 14 31
1 50
3 3 39
3 15 66
1 70
2 53
0
0
0
1 32
1 16
2 56
0
3 11 67
0
3 1 98
1 90
1 82
0
3 13 21
2 36
0
0
2 48
0
3 13 88
0
3 2 36
1 72
3 10 75
3 6 29
3 11 56
2 3
1 29
3 4 46
0
3 15 32
1 54
1 27
2 56
3 10 1
1 81
3 6 63
2 43
0
1 28
2 47
0
3 2 5
1 13
0
1 61
3 2 98
1 22
0
2 44
3 0 53
2 75
0
2 91
3 12 15
1 72
1 4
3 11 13
0
0
1 82
3 15 21
1 14
3 11 79
1 55
1 75
2 2
2 58
2 71
0
1 12
2 10
0
2 62
2 75
0
0
3 0 69
2 51
0
0
2 77
2 87
0
1 4
2 18
1 19
3 3 1
3 12 20
0
1 94
2 35
0
3 0 94
1 86
3 8 8
0
0
2 91
3 9 80
3 4 76
1 67
0
3 9 41
1 1
2 39
2 32
1 54
3 2 81
2 62
1 6
2 19
2 97
2 70
2 84
3 8 60
1 21
0
1 53
2 47
3 4 71
3 8 18
0
2 27
3 10 49
2 79
0
1 45
1 97
1 1
1 57
2 28
2 6
2 89
1 68
2 55
2 21
2 81
1 29
1 11
1 81
1 5
3 1 80
2 14
1 33
1 80
2 86
3 0 24
0
2 81
2 75
0
2 21
0
3 4 55
3 12 59
3 13 83
3 1 15
1 55
1 31
3 12 60
3 14 54
1 76
1 16
1 63
0
0
2 20
0
2 53
3 6 99
2 84
0
2 29
2 96
2 65
3 1 65
3 4 72
1 46
3 2 63
0
1 26
3 12 75
0
1 59
3 14 54
1 16
3 10 29
1 39
0
1 15
3 6 74
0
3 14 30
0
2 62
0
0
1 80
2 97
3 0 39
2 29
1 6
3 8 38
2 33
1 98
3 3 40
3 10 90
0
1 21
2 99
3 3 12
1 6
1 76
2 18
2 50
3 5 31
3 1 48
1 46
3 13 47
2 49
2 26
2 19
2 52
3 8 61
2 47
0
0
2 46
3 14 60
2 86
2 73
3 15 48
0
2 92
2 13
3 4 36
3 6 92
1 86
1 77
0
0
3 1 27
0
3 3 41
0
3 11 18
3 5 56
3 3 58
3 5 36
1 19
1 89
3 3 18
2 63
2 53
1 27
3 15 32
0
3 8 31
3 12 49
0
3 8 50
3 9 29
0
2 78
2 92
3 4 55
0
3 11 39
2 94
2 45
3 3 23
3 3 45
3 11 46
1 13
2 18
0
3 11 7
3 2 26
1 77
3 14 69
2 68
1 1
0
2 54
2 32
0
1 27
0
2 44
3 4 1
0
2 6
0
1 19
2 87
0
0
3 13 19
2 13
2 65
0
0
3 0 85
1 15
1 94
3 3 77
2 41
3 6 27
2 53
1 61
0
2 97
1 33
1 67
0
2 76
0
2 28
1 95
1 20
1 62
3 9 4
2 33
3 10 49
0
1 97
3 8 41
0
1 95
0
1 76
2 93
3 10 94
0
1 42
2 12
2 16
2 15
0
1 32
1 46
0
0
1 98
1 98
2 51
3 8 17
3 0 68
0
1 38
1 89
2 8
0
3 14 60
1 94
1 58
3 2 91
2 70
1 82
0
2 47
2 93
2 2
2 47
2 81
0
0
0
2 27
2 11
3 3 3
0
3 6 81
3 14 47
2 49
2 4
1 39
0
2 86
2 4
2 98
0
2 26
1 66
1 5
2 35
0
0
3 2 12
3 12 5
1 63
1 25
1 40
0
1 87
0
0
3 13 65
0
2 2
1 92
2 16
1 47
3 10 18
2 74
0
3 10 44
3 1 70
2 94
0
3 14 34
2 31
0
2 38
1 22
3 13 92
2 98
0
0
2 8
1 6
3 2 21
0
0
0
2 100
0
3 2 83
0
1 39
0
2 58
2 76
2 29
3 6 8
2 75
0
3 9 69
2 29
1 55
0
1 62
0
0
3 8 18
0
0
1 63
2 3
2 65
0
2 37
0
1 99
2 12
3 8 71
1 26
0
0
2 7
3 9 39
1 65
3 4 76
0
3 14 39
1 95
3 9 1
2 57
3 5 56
3 2 87
1 36
3 9 36
1 78
1 35
1 3
2 39
1 84
2 59
0
2 76
2 4
1 71
2 47
3 9 45
2 51
2 72
1 29
2 44
3 14 45
2 20
2 68
0
3 8 68
1 50
3 13 61
1 2
0
3 10 60
3 2 38
2 47
1 61
0
3 6 94
0
1 26
1 16
3 0 26
3 14 98
3 14 23
2 2
2 94
2 70
3 3 24
0
2 41
2 78
2 29
3 4 22
2 95
1 18
1 20
2 4
1 11
2 76
1 84
0
1 88
0
3 2 88
3 0 43
1 57
3 9 50
1 14
3 3 87
2 12
3 8 31
2 16
0
2 34
3 8 10
0
1 23
1 98
0
1 7
3 11 65
2 36
0
0
2 77
2 62
2 79
2 65
1 95
3 6 27
0
3 8 1
0
3 4 92
3 8 44
3 14 29
1 25
1 1
0
2 100
1 3
1 43
1 43
3 10 33
2 91
3 9 82
0
2 21
3 4 56
2 7
1 18
2 43
1 58
3 3 41
3 8 18
2 5
1 75
2 9
0
1 85
3 3 99
2 62
1 30
1 48
0
3 8 41
2 85
2 96
2 55
0
0
2 84
0
3 9 54
3 13 34
1 48
2 6
0
3 1 97
2 79
1 76
2 93
0
1 18
3 13 46
3 3 51
3 15 64
2 7
3 8 87
3 9 56
1 64
0
0
1 41
3 6 99
1 3
2 93
0
2 16
2 3
user
8
0
3 3 92
2 54
1 20
3 11 67
1 61
3 13 70
0
2 5
2 46
2 74
1 88
2 80
3 7 12
3 9 28
2 31
0
3 3 40
2 99
1 67
0
1 93
2 29
3 7 39
1 19
2 53
0
3 9 64
1 51
0
2 85
1 75
1 79
2 76
2 68
3 0 97
0
2 35
0
0
2 7
2 36
0
0
0
0
1 41
3 3 5
3 11 61
1 24
1 9
1 75
2 25
2 9
1 83
2 91
1 64
2 29
2 16
3 12 1
0
2 84
0
1 45
0
0
1 24
2 74
3 15 89
3 14 79
0
0
2 22
1 87
0
2 81
3 9 99
2 7
2 5
1 70
0
3 14 1
0
1 48
0
1 20
0
1 35
2 3
0
2 26
0
3 14 60
2 66
0
2 71
2 38
0
0
3 10 84
0
3 9 89
3 14 87
0
3 14 84
2 9
1 23
2 25
1 92
2 95
2 94
0
2 53
3 7 100
2 12
1 63
1 34
2 99
0
3 10 59
2 22
1 37
1 10
3 7 90
3 9 71
2 16
0
2 65
3 9 86
3 7 64
1 90
3 3 73
0
0
3 9 47
3 13 95
3 12 59
3 11 86
2 84
2 72
2 38
1 89
1 38
1 96
0
2 84
0
1 20
1 64
0
0
2 63
0
3 15 95
1 47
3 0 62
0
3 4 16
2 4
1 16
0
2 53
1 22
1 85
0
3 9 23
2 24
0
1 4
2 62
1 51
2 42
1 71
0
0
3 12 77
0
1 3
2 67
1 64
2 19
3 4 38
2 3
1 17
3 9 39
1 50
2 42
0
3 0 15
2 62
1 1
0
2 82
2 3
1 11
2 27
1 32
1 17
0
2 12
1 2
2 91
0
3 1 24
0
1 59
2 9
2 16
1 14
2 66
1 12
3 6 32
0
2 63
3 13 11
2 49
2 88
2 40
3 11 95
0
3 9 74
0
3 11 35
0
3 2 74
0
0
3 13 44
2 74
2 38
1 9
1 62
2 46
1 60
2 79
1 51
1 16
2 19
1 4
1 67
0
3 15 95
1 69
1 79
0
0
1 100
0
2 10
1 86
2 21
1 94
0
2 85
1 56
0
3 15 58
2 64
1 51
3 13 23
2 50
0
1 7
1 21
2 24
2 36
0
0
2 75
1 94
2 95
2 8
1 18
2 69
0
2 47
3 3 83
2 5
2 17
3 2 35
1 75
1 50
1 2
2 59
2 18
3 4 77
3 4 63
3 13 79
0
3 4 25
1 84
2 53
1 4
3 9 25
1 66
2 88
3 2 87
0
1 77
0
3 15 75
3 10 72
1 42
3 9 4
3 14 21
3 7 74
0
3 9 56
0
0
1 36
3 5 71
3 11 26
1 93
3 3 88
1 80
2 51
0
0
1 86
2 57
3 7 14
0
3 15 57
0
0
1 46
1 11
2 11
3 9 20
1 77
2 71
1 37
3 13 96
1 12
1 24
3 4 34
1 68
2 78
3 6 44
1 66
0
2 10
2 47
0
3 0 75
1 13
2 42
1 89
3 10 12
0
0
1 34
3 9 96
2 48
2 86
0
0
2 25
2 62
1 80
1 98
0
0
1 97
3 0 59
2 92
2 100
3 5 75
1 47
2 30
3 7 28
1 2
2 38
0
2 7
3 7 28
3 2 53
2 17
2 12
2 43
2 24
3 1 21
3 4 53
3 1 63
3 13 2
1 80
2 87
1 44
1 78
0
0
1 4
0
0
1 92
1 43
2 31
0
2 67
2 97
1 33
2 32
1 73
3 9 35
0
2 75
0
1 42
2 63
1 66
0
3 14 36
2 42
2 1
0
1 16
3 13 25
2 24
3 11 51
2 12
0
1 6
0
3 7 54
2 32
0
1 32
1 65
0
0
1 96
1 86
2 53
2 10
2 90
1 89
3 9 10
0
2 13
2 31
3 9 96
3 10 13
1 94
2 15
2 91
1 36
3 2 53
2 8
3 3 65
2 43
0
2 22
2 13
2 39
1 44
3 10 61
2 40
1 49
0
1 24
1 99
3 10 42
1 100
1 95
3 3 68
1 86
3 0 20
0
0
3 0 80
3 10 3
2 74
2 60
1 15
2 98
1 63
3 13 24
3 12 48
1 97
0
3 6 28
3 13 76
0
0
3 1 19
2 34
1 96
3 1 9
1 29
3 1 92
2 28
3 6 47
2 85
0
0
0
1 69
3 9 51
3 4 87
3 6 84
1 33
0
1 30
0
3 11 27
1 7
1 52
1 23
2 36
3 1 57
3 6 52
2 63
2 26
1 16
1 97
3 12 32
1 52
3 14 34
1 66
1 37
0
2 1
0
2 55
1 69
1 73
1 79
0
0
1 47
2 32
1 83
2 20
0
2 56
3 1 32
0
1 90
2 92
2 3
3 0 82
1 43
2 19
0
3 5 28
2 19
1 2
1 38
2 27
3 7 68
2 91
3 9 59
0
2 22
2 27
3 7 25
3 12 6
2 30
0
3 13 40
2 64
1 81
0
1 61
1 41
0
1 67
3 13 96
1 88
0
1 3
1 98
1 49
3 1 36
1 22
2 95
1 27
1 24
1 35
0
2 85
3 11 85
3 13 34
2 53
1 13
1 79
0
3 14 8
3 3 70
2 36
0
3 2 92
1 24
1 37
2 52
1 6
1 68
0
2 48
1 15
1 50
0
0
2 21
1 44
3 10 69
1 5
0
3 3 84
3 1 14
1 51
1 96
2 99
3 7 50
2 39
2 57
2 2
0
0
1 33
3 0 65
0
1 80
3 6 8
0
1 51
2 31
3 7 35
2 94
3 2 32
0
2 48
3 9 100
1 94
1 85
0
1 17
3 10 43
1 98
3 13 8
1 26
3 6 50
2 80
1 61
1 59
1 94
3 12 51
1 69
0
3 1 62
1 55
0
1 68
0
3 15 22
3 3 94
0
2 87
2 88
1 35
2 9
1 81
1 54
2 46
2 23
3 5 44
3 9 31
1 98
3 1 47
2 10
1 73
1 16
1 54
0
2 91
1 40
0
1 20
0
2 24
3 6 36
3 13 54
2 20
0
2 81
2 62
1 25
2 14
2 32
0
1 26
1 41
1 62
0
3 12 90
1 68
1 49
3 11 29
2 33
0
3 7 64
0
1 95
3 11 23
0
2 87
1 88
0
3 7 26
2 42
0
2 100
2 96
3 14 100
0
3 9 87
0
2 55
2 93
3 11 64
3 9 12
2 85
1 14
2 19
1 49
3 12 54
3 1 68
1 5
0
1 95
0
2 11
2 96
1 22
3 1 59
2 72
1 68
1 18
2 63
2 21
0
1 85
1 51
3 13 83
0
3 11 33
3 9 72
2 52
3 7 70
1 24
2 29
1 36
1 55
1 100
3 7 74
3 3 21
3 10 87
0
3 0 71
1 79
0
3 2 22
2 78
0
3 7 9
1 12
2 11
2 5
0
3 11 100
2 70
1 48
1 100
0
2 41
1 77
1 53
0
1 88
3 15 57
2 54
0
1 5
2 68
3 14 78
0
0
0
3 7 35
3 9 5
2 76
0
1 38
0
0
3 9 82
1 49
1 49
0
0
0
2 78
1 99
0
2 93
0
0
3 6 14
0
3 11 92
1 91
0
1 94
2 10
1 77
3 9 79
0
1 39
2 47
1 74
1 3
3 0 37
1 37
3 12 45
0
3 12 95
0
2 8
1 97
3 12 11
2 36
1 59
0
0
2 60
1 68
3 2 4
1 87
3 10 5
2 89
1 37
2 52
3 9 72
1 78
1 65
0
3 1 46
1 93
3 15 38
0
0
0
3 9 38
3 1 70
2 41
0
3 14 90
2 30
1 27
3 1 49
0
1 27
1 28
0
0
3 2 87
2 15
2 27
2 94
0
2 3
1 3
2 73
0
0
0
0
2 90
3 4 34
2 8
3 15 21
3 2 49
3 4 100
3 4 14
0
2 58
2 96
3 11 72
0
3 0 16
0
1 87
2 8
1 13
1 40
1 63
1 69
1 20
1 4
0
0
0
0
2 81
2 12
1 96
0
3 12 88
0
0
3 11 1
2 82
0
3 9 9
3 11 63
2 23
0
1 33
2 92
0
1 98
1 23
1 69
2 73
2 9
0
3 2 57
1 30
2 100
2 32
1 30
1 78
0
1 28
3 5 47
1 93
2 79
0
0
1 41
0
2 10
0
1 92
0
3 9 93
0
0
3 15 43
0
0
1 56
1 68
1 69
2 73
2 68
1 81
2 40
0
0
0
3 3 57
2 82
2 60
0
1 39
3 1 38
1 54
0
0
2 48
2 83
1 52
2 5
2 88
0
1 78
2 27
0
3 10 53
3 4 37
3 0 46
1 44
2 88
1 28
2 75
2 32
3 14 36
0
3 11 50
0
3 10 79
3 9 60
0
2 98
0
0
2 26
0
user
9
0
2 71
2 22
1 77
0
3 3 66
1 94
1 81
3 3 36
0
1 10
0
2 18
2 81
3 13 96
2 52
0
3 4 84
2 5
2 45
2 35
1 82
1 79
0
2 46
2 14
0
0
2 76
0
0
2 29
3 1 15
1 27
1 81
2 90
2 14
1 32
0
0
0
3 12 51
3 15 76
0
2 73
1 40
1 63
1 88
0
0
2 14
0
3 6 74
0
0
2 65
1 32
1 14
3 2 77
0
3 15 1
2 61
2 30
2 89
3 8 66
2 52
1 47
1 78
0
0
1 97
2 3
3 3 32
1 81
2 62
2 100
3 7 33
1 64
3 12 52
1 55
0
3 3 87
0
3 3 99
1 26
2 7
2 92
1 62
2 91
1 18
1 25
2 4
0
3 10 73
2 43
3 3 70
3 14 1
2 94
2 13
1 15
3 1 60
2 45
1 25
1 56
1 36
0
1 40
3 15 66
1 66
1 26
1 1
1 74
2 95
2 96
1 4
0
0
3 12 31
2 64
0
2 3
3 8 32
2 99
3 1 41
0
0
2 8
2 39
2 65
2 5
0
2 98
1 66
3 10 40
1 9
2 20
2 58
3 13 29
2 55
2 44
2 69
2 32
0
2 44
3 11 45
0
2 21
1 21
0
1 37
0
0
1 19
0
0
2 46
1 25
0
2 61
3 7 15
3 0 2
3 14 75
2 89
1 36
3 7 79
1 88
0
3 8 55
2 58
3 12 46
2 43
1 9
3 12 50
3 13 22
1 3
2 100
2 42
1 17
0
0
3 7 75
1 24
0
3 10 90
1 65
2 54
3 14 21
0
2 77
0
2 57
2 43
2 45
2 46
2 90
2 55
3 8 12
0
3 15 8
0
2 53
0
2 49
0
3 2 96
0
1 1
0
0
3 2 42
0
0
0
1 58
0
3 10 50
1 20
1 63
2 53
1 88
0
1 5
2 96
0
0
2 8
2 87
2 47
3 2 40
1 81
2 52
2 62
0
1 21
3 1 86
0
1 80
0
3 6 18
2 63
1 34
2 86
3 5 42
3 8 21
0
2 93
2 55
3 15 90
1 45
0
3 1 36
0
1 15
3 12 61
0
0
2 87
0
2 81
2 50
1 96
1 2
3 11 21
1 48
2 71
3 11 8
2 90
3 12 82
3 10 14
1 92
0
3 12 26
3 1 76
1 25
2 87
0
3 4 74
2 92
3 14 25
0
2 62
1 93
1 78
0
1 46
1 1
1 67
0
1 42
3 5 16
1 96
3 8 85
0
0
2 15
0
0
2 72
2 25
1 37
1 44
1 36
2 11
3 1 7
3 6 62
2 79
3 0 88
0
0
0
2 20
3 13 17
1 95
0
2 63
3 0 17
0
0
1 65
2 52
0
1 65
3 8 25
1 74
3 0 56
1 53
1 78
1 56
3 7 47
3 0 53
2 21
0
3 1 32
2 49
1 33
2 54
0
0
3 10 84
1 88
2 60
2 66
3 10 14
2 37
2 38
3 1 73
1 17
2 1
1 46
1 28
0
2 29
2 59
2 68
2 20
1 72
2 28
1 92
3 8 19
2 95
3 2 59
1 82
1 87
1 60
3 12 58
0
3 3 84
3 4 71
0
3 6 65
0
2 58
1 25
3 0 58
3 13 95
2 16
2 58
1 45
2 28
1 81
0
0
1 91
1 98
3 1 77
0
2 43
2 12
2 40
0
3 7 15
1 2
2 43
3 13 5
0
2 88
3 5 10
0
3 12 74
0
0
1 77
3 5 19
1 98
3 7 75
1 86
1 49
3 13 90
3 10 61
1 91
1 27
2 35
1 73
1 71
3 0 60
2 75
1 80
1 86
1 11
0
1 27
0
3 14 81
3 10 36
1 74
0
3 14 72
0
2 8
3 0 54
3 5 43
3 6 41
0
1 91
2 23
2 31
2 34
3 4 58
3 6 81
0
0
0
1 32
2 68
3 1 56
0
0
3 14 20
0
2 45
1 95
1 94
3 7 82
0
0
1 98
2 12
2 50
1 61
2 63
0
0
1 74
0
1 31
0
0
0
3 5 20
3 3 89
0
0
0
0
0
3 3 83
0
1 38
0
1 41
0
3 10 49
0
0
3 10 41
1 59
3 12 62
1 66
0
1 85
3 8 57
2 68
0
0
2 61
0
1 99
0
1 82
0
1 61
1 72
2 91
0
3 3 56
1 34
0
0
3 11 69
2 11
1 35
0
1 11
3 10 31
0
2 37
2 14
2 4
2 20
0
1 58
2 23
3 5 10
3 6 46
2 18
3 14 10
2 91
3 4 23
3 15 18
1 9
0
0
0
0
3 5 70
0
1 77
2 12
2 51
2 65
0
1 76
2 54
0
0
3 11 13
0
2 15
0
3 3 65
0
0
2 70
0
1 74
1 2
0
1 45
3 8 81
2 65
0
3 14 14
2 10
1 83
3 13 64
2 12
1 37
2 44
3 6 82
0
3 7 52
1 72
0
3 14 80
1 76
2 55
1 38
2 93
0
1 69
0
3 10 95
1 59
3 7 20
2 73
0
0
2 26
2 52
3 10 32
2 32
1 60
2 26
0
0
2 81
3 13 85
2 87
3 10 1
1 77
1 17
1 14
1 84
0
0
2 33
2 55
1 1
2 57
3 4 10
3 5 1
1 36
1 61
3 0 58
0
3 2 39
1 71
0
2 67
2 21
3 3 7
1 19
2 5
1 1
2 75
1 90
3 2 97
2 84
0
2 32
3 5 79
0
3 7 64
2 35
3 14 1
3 14 70
2 94
3 13 99
2 98
3 12 50
2 35
1 40
3 12 22
0
2 32
0
2 13
2 39
2 21
1 89
0
1 3
1 52
2 81
1 18
3 10 69
2 13
3 3 58
2 88
3 2 18
1 29
1 83
1 45
0
3 0 14
2 50
0
3 11 7
3 13 10
2 42
3 10 66
1 50
1 20
0
1 18
0
3 10 78
2 2
3 14 9
2 53
1 84
2 48
3 4 85
1 83
0
2 6
1 93
0
0
0
3 12 3
1 1
3 1 97
0
1 2
0
2 60
0
2 24
2 61
0
2 11
3 4 47
2 75
2 66
3 3 40
2 53
2 98
1 52
0
3 14 4
2 48
3 10 12
2 41
3 6 36
2 47
2 37
3 3 25
0
0
2 5
1 9
3 13 61
1 43
1 86
0
0
1 74
0
3 7 54
1 10
2 87
3 10 51
1 19
1 44
3 13 50
1 37
1 52
0
1 42
3 10 52
0
2 49
3 14 97
3 6 2
2 56
3 6 90
2 13
0
1 59
0
3 14 91
3 5 31
1 28
0
0
2 75
1 40
1 2
2 11
3 4 95
0
3 8 30
0
0
3 1 7
1 9
3 10 99
1 45
2 38
2 9
3 10 19
0
2 57
0
0
1 20
1 53
0
0
3 0 21
1 2
2 52
1 43
2 40
2 77
2 7
3 15 17
2 63
1 28
2 61
1 69
0
1 9
0
3 6 5
2 59
2 19
0
2 55
3 4 3
0
2 22
3 12 69
3 7 99
3 1 85
3 2 67
3 10 81
0
2 97
3 1 91
2 68
1 36
3 0 53
0
1 94
0
0
3 10 45
3 2 64
0
1 95
0
3 11 14
2 14
0
1 97
1 38
1 28
3 10 15
2 73
3 6 95
1 36
2 62
3 4 22
1 4
3 0 18
0
0
3 4 23
3 10 10
0
2 69
2 11
1 27
2 10
0
3 11 66
1 41
0
0
2 53
0
1 90
1 67
3 14 30
3 10 56
1 84
3 13 74
0
0
0
2 11
2 57
0
3 6 11
2 14
0
2 3
3 13 22
0
1 65
0
3 1 89
3 13 10
3 13 23
2 83
3 1 86
2 53
3 3 87
3 14 60
0
0
0
2 44
0
3 15 24
0
3 15 100
1 7
0
1 94
2 31
3 14 6
2 16
2 35
2 3
3 12 17
3 7 96
2 92
0
1 49
3 7 64
1 23
0
0
2 73
1 15
1 33
0
3 10 21
0
3 5 31
2 29
1 94
0
0
0
0
2 4
0
3 11 22
3 8 50
2 86
2 84
0
3 13 57
3 6 43
1 63
1 43
0
0
0
2 66
1 81
2 93
3 7 20
2 81
1 28
0
0
3 10 25
3 3 92
0
1 23
3 15 60
3 10 67
1 92
0
1 67
1 95
3 7 5
1 25
2 13
3 3 41
3 10 69
3 2 1
1 91
1 8
2 65
0
1 17
0
0
1 11
0
2 20
3 7 92
1 99
2 2
2 82
1 57
1 7
3 11 78
3 2 98
0
2 85
1 20
3 11 63
0
1 98
0
2 55
1 4
1 59
2 14
2 6
3 12 51
0
0
1 78
0
3 6 9
0
2 72
0
1 32
3 4 19
3 5 20
1 15
user
10
2 51
2 68
0
1 75
0
0
1 99
3 5 39
2 73
1 92
3 7 66
0
3 2 47
3 11 29
0
0
1 30
2 62
3 9 30
2 32
2 87
1 24
2 15
3 5 20
3 2 27
1 87
0
1 63
0
3 6 74
3 13 39
0
3 1 77
3 7 60
0
0
1 94
0
0
1 94
2 10
3 1 36
3 0 3
2 87
3 12 96
0
3 5 90
2 3
2 65
1 59
1 70
3 3 68
2 45
1 6
2 4
0
3 3 62
0
0
3 11 91
3 0 18
3 0 55
0
2 71
3 9 77
1 47
0
2 1
2 96
0
2 75
1 91
2 26
2 97
1 25
3 15 7
3 6 33
0
3 13 8
2 56
0
2 29
0
1 86
0
3 5 79
0
0
0
0
3 12 61
2 83
3 2 32
3 13 96
2 48
0
2 37
0
2 23
1 100
0
2 25
3 4 60
3 7 28
2 92
0
0
0
3 6 83
2 73
1 54
0
0
0
3 13 71
0
3 1 18
1 95
1 93
0
1 97
2 11
3 12 65
2 41
2 33
3 15 58
3 2 72
0
1 22
0
2 83
3 3 7
0
2 75
2 83
2 79
0
1 89
1 4
1 70
1 38
3 9 37
3 1 25
0
3 6 5
3 11 41
0
3 5 49
3 5 21
3 14 79
1 76
1 66
2 96
0
2 67
2 68
1 53
3 11 32
2 35
0
2 59
2 65
0
3 15 77
3 8 60
2 96
2 90
0
1 58
1 63
2 7
2 94
0
1 14
2 100
0
3 11 14
2 36
2 29
1 30
2 40
2 63
2 81
0
3 11 38
2 67
1 17
0
1 69
3 4 89
1 73
3 4 86
0
1 84
3 12 69
3 11 49
0
3 1 15
1 11
2 85
0
2 1
3 11 63
3 12 38
1 26
1 78
0
0
2 51
2 10
2 80
2 99
3 9 62
0
2 70
3 1 12
0
0
1 69
3 8 8
2 1
3 2 11
3 14 10
1 20
2 57
0
0
1 20
1 56
0
0
2 32
2 63
1 80
1 66
0
2 7
0
0
3 7 69
3 7 11
1 52
2 97
0
2 77
2 70
2 31
0
1 25
2 12
0
0
2 8
0
1 68
0
0
3 4 57
1 35
2 27
0
1 67
0
2 34
1 22
0
3 15 3
1 49
2 97
1 66
3 4 62
1 7
2 82
0
1 8
0
0
0
0
1 44
0
2 69
3 6 81
0
1 31
0
0
0
0
1 23
1 35
3 5 24
3 15 4
2 36
3 3 77
1 10
2 86
2 64
0
3 11 3
3 5 100
3 0 91
3 11 20
2 6
3 8 46
1 70
1 73
3 6 6
2 61
0
2 32
1 24
3 11 2
2 66
2 66
0
2 57
0
3 13 18
2 15
3 9 12
2 58
0
3 5 55
2 92
3 3 64
1 91
2 86
1 69
3 9 50
3 3 18
1 74
3 8 3
1 17
1 73
2 90
2 27
2 69
3 2 93
2 96
1 37
0
1 75
3 3 93
0
0
3 3 83
1 11
0
3 7 40
3 15 59
0
2 87
2 39
1 93
2 32
1 73
1 64
1 39
0
3 4 28
1 13
0
3 4 91
2 11
1 61
3 11 67
0
3 13 27
1 79
2 40
0
2 30
2 62
0
2 51
2 22
2 41
3 11 81
2 94
0
0
1 99
3 15 61
1 22
2 31
0
3 12 76
0
2 4
3 0 58
0
3 2 39
0
1 50
0
2 9
3 15 78
2 88
3 14 49
1 67
3 8 48
3 9 32
3 1 23
0
3 0 77
1 68
2 35
3 15 13
2 27
2 1
3 6 3
2 9
2 10
0
1 69
3 14 15
3 1 67
1 11
1 23
2 91
1 93
3 4 36
3 2 74
0
0
2 41
0
0
2 95
2 77
0
1 99
3 4 79
2 58
2 16
3 11 47
1 33
0
3 15 46
0
1 86
2 11
1 8
3 7 39
0
1 60
2 11
2 61
0
1 40
2 34
3 1 83
3 8 55
2 1
1 29
1 54
2 55
0
1 63
1 14
3 7 17
3 1 62
3 12 74
1 71
0
2 89
2 19
3 14 40
0
2 20
0
2 36
2 1
2 43
1 38
3 0 99
2 61
0
3 13 39
2 89
1 2
2 55
2 100
2 30
3 1 64
0
3 8 63
0
3 15 28
0
2 50
2 23
1 26
1 11
0
0
3 15 59
2 99
3 6 67
3 2 85
1 89
2 41
3 11 37
2 33
0
0
3 13 12
0
3 5 87
0
0
2 30
0
3 3 60
3 6 16
0
2 73
2 60
2 25
0
2 83
2 54
0
3 4 74
0
0
0
0
0
0
0
1 78
2 94
0
3 11 89
3 4 60
0
3 2 11
2 91
2 54
2 56
3 6 38
1 70
3 11 96
0
2 34
2 12
3 11 21
2 84
1 24
3 11 36
1 23
2 18
1 33
2 28
3 11 39
1 32
1 94
1 12
3 7 12
3 5 68
1 24
0
0
0
2 53
3 15 94
3 2 24
3 11 40
1 60
1 41
3 8 55
0
2 23
1 33
3 11 32
3 14 60
0
2 40
1 49
0
0
0
0
2 79
1 93
0
3 12 1
0
0
1 91
3 0 22
2 72
2 54
1 14
1 28
3 14 79
0
0
2 3
0
0
2 86
1 76
2 52
3 0 5
3 3 17
0
2 18
1 78
2 18
3 15 8
2 12
2 79
0
1 64
0
3 11 61
3 1 4
1 58
0
1 57
0
3 1 29
3 6 46
1 67
1 64
3 11 67
2 22
2 95
3 4 3
0
1 66
3 3 73
3 12 6
3 12 68
2 66
2 96
3 0 43
0
0
1 92
2 23
2 64
1 3
2 22
0
3 13 41
0
3 1 19
0
3 11 57
0
0
2 92
3 14 48
2 33
0
0
3 7 22
0
3 5 92
2 31
3 0 95
3 8 93
0
1 95
0
1 87
0
3 9 92
2 50
1 81
3 9 31
1 86
3 6 4
1 43
1 60
1 36
0
1 67
3 0 42
2 84
3 13 95
3 2 20
0
3 1 98
2 88
3 3 54
3 14 30
1 87
3 15 91
0
1 2
3 13 78
1 5
0
1 57
2 18
0
1 97
0
0
2 59
0
1 44
0
2 31
0
1 47
3 3 41
3 15 17
3 1 47
0
0
1 81
2 41
2 12
1 88
2 49
0
3 1 11
0
2 26
2 66
3 3 6
1 70
3 4 67
3 2 33
3 7 98
1 23
2 62
1 14
2 32
0
0
3 1 79
3 9 23
0
2 41
2 95
1 35
1 77
1 83
0
0
1 54
2 86
2 61
0
2 36
3 1 37
3 11 47
1 87
0
2 51
0
2 58
2 53
0
0
0
0
0
0
2 41
1 10
3 7 24
0
3 13 66
0
0
0
1 80
0
1 79
0
2 95
3 12 8
0
0
0
3 7 72
2 57
0
1 84
3 9 36
1 50
2 18
0
0
2 17
2 1
2 25
3 6 91
2 54
1 66
2 54
0
2 87
1 60
2 30
2 4
1 35
0
2 3
0
1 45
3 4 5
2 56
1 77
1 38
0
0
3 8 1
0
0
2 59
0
3 7 17
1 54
1 63
3 4 21
1 92
2 7
1 32
3 12 7
0
3 12 34
0
3 2 53
1 36
1 97
3 11 80
1 90
2 43
1 56
0
1 31
2 84
1 62
1 71
2 73
0
1 59
3 6 52
0
0
3 4 11
0
2 93
2 70
3 9 50
3 5 13
0
0
3 14 90
2 15
1 93
2 78
2 89
0
3 15 90
0
0
1 51
2 91
0
2 69
0
3 2 29
1 15
1 44
0
0
0
1 29
3 11 55
2 48
3 11 47
2 32
3 1 63
3 7 24
0
0
3 8 41
1 61
2 11
3 4 9
3 14 2
0
3 1 100
0
0
2 75
3 1 34
3 11 28
1 29
3 7 28
3 5 22
3 5 69
0
3 5 71
2 62
0
1 73
2 17
1 80
0
0
3 6 19
2 40
3 2 74
3 2 54
3 4 22
2 52
0
0
1 26
1 84
3 11 78
1 93
0
0
3 15 30
2 81
2 1
1 71
3 14 41
3 11 69
0
1 70
0
2 45
1 28
0
3 6 14
3 8 98
1 92
3 15 24
1 82
2 74
3 1 66
1 81
1 63
2 14
3 9 18
1 87
1 82
3 15 28
3 1 2
3 12 14
1 73
1 26
3 14 30
1 37
1 43
3 2 23
2 56
3 5 36
1 98
3 6 36
1 85
0
3 11 10
1 8
3 5 61
2 29
1 20
2 69
3 9 51
3 1 11
0
2 18
1 92
2 4
0
0
3 12 61
0
2 19
3 13 80
2 95
1 23
1 86
2 63
1 82
1 34
3 3 12
2 60
0
2 28
3 5 7
1 71
1 62
3 4 70
3 15 17
1 73
0
user
11
2 72
3 4 66
3 1 65
0
0
2 10
2 3
3 14 35
2 34
2 28
2 23
2 32
3 3 1
1 86
2 72
0
1 79
2 32
0
2 67
2 6
3 15 94
0
1 32
2 40
1 48
2 10
1 64
0
1 90
0
2 13
0
3 8 81
2 58
0
0
0
3 4 27
1 65
2 69
3 2 76
0
2 75
3 9 56
3 13 96
3 5 1
0
2 13
0
0
1 68
3 4 49
0
0
0
3 6 43
2 55
1 18
0
2 55
1 10
0
2 14
0
0
2 37
1 66
2 73
0
0
1 55
2 40
2 39
0
2 52
0
3 15 85
0
1 49
1 56
2 95
3 12 64
3 10 96
3 5 8
2 76
3 1 58
3 9 79
1 42
1 97
0
3 7 45
2 28
3 10 23
0
0
2 77
2 28
3 12 38
3 6 62
1 4
3 12 46
0
3 15 87
1 22
1 89
0
2 16
1 7
3 8 30
3 5 50
0
2 28
3 0 97
3 9 91
2 23
0
0
1 51
2 13
2 34
2 61
2 7
3 3 56
3 8 26
2 88
3 12 33
3 14 90
2 79
1 8
2 11
3 13 93
1 90
0
2 32
0
1 7
2 5
0
0
1 12
1 36
0
1 98
1 66
1 28
1 47
2 97
0
3 3 28
1 9
3 3 27
2 28
3 4 29
1 29
1 57
1 8
2 59
3 3 76
0
3 15 39
3 10 4
1 91
3 7 73
2 16
0
1 35
0
2 7
3 2 71
3 3 59
3 15 66
1 89
1 55
1 99
0
1 38
0
3 9 81
1 6
2 31
3 12 63
1 94
1 8
1 69
1 60
0
0
3 4 46
1 37
1 61
2 66
2 80
1 26
0
2 17
3 9 32
2 75
2 51
1 24
3 13 1
1 60
1 60
0
0
2 70
3 12 66
1 42
1 97
2 74
2 38
2 18
3 2 34
0
0
3 4 81
1 15
3 6 92
3 3 71
2 24
1 88
1 68
1 95
0
0
0
0
0
0
3 4 6
2 61
0
2 25
2 42
3 14 87
0
0
0
2 57
1 37
2 61
0
0
2 2
3 8 11
3 14 96
3 14 33
1 50
2 21
3 2 42
2 50
3 6 12
2 100
2 65
0
2 62
2 79
3 12 57
0
0
2 79
3 8 61
2 81
1 72
3 8 80
3 5 32
3 12 66
0
2 71
0
0
1 97
1 94
3 13 25
3 7 25
0
1 50
0
2 97
0
3 4 84
1 80
2 13
2 54
1 85
1 61
0
0
1 17
3 4 12
0
2 94
3 3 14
3 0 32
0
3 14 3
3 13 26
1 40
3 5 20
0
0
0
2 97
2 96
2 22
3 7 18
0
3 10 68
0
0
0
0
1 78
2 1
2 89
2 45
1 31
2 65
2 23
0
1 60
1 55
0
1 18
2 39
3 12 67
1 62
1 96
0
1 94
2 69
2 22
1 21
3 12 50
1 14
2 75
3 8 98
0
1 73
1 88
0
2 100
1 72
1 28
0
2 90
3 1 91
3 3 15
1 21
0
0
3 12 99
0
0
0
0
2 21
0
1 47
2 41
0
3 12 80
2 91
3 8 1
0
0
2 41
1 20
1 56
0
3 12 10
3 7 4
1 15
1 91
1 58
0
3 0 43
1 56
2 21
3 3 69
2 17
2 31
2 71
1 64
3 9 60
3 15 47
2 88
3 0 41
0
3 12 51
3 9 77
1 89
3 12 100
2 18
3 8 90
3 7 24
1 100
3 5 32
0
0
0
0
0
2 21
0
1 90
2 17
1 19
1 50
1 52
2 5
1 23
0
0
0
1 14
0
3 7 80
3 10 95
0
0
0
2 70
0
2 49
2 74
0
2 85
1 42
2 59
1 57
3 1 18
2 63
3 0 25
0
0
0
0
0
0
2 38
3 8 82
3 4 53
2 23
0
2 88
3 9 19
1 20
3 12 71
3 8 25
2 14
3 5 49
0
0
2 8
3 8 15
3 7 68
1 23
1 73
3 7 65
2 51
2 16
2 32
3 8 66
0
0
3 0 24
1 76
3 8 83
3 8 6
2 47
0
0
0
3 12 97
1 23
2 69
1 41
3 14 57
3 13 49
2 54
3 3 70
3 10 9
3 3 81
3 13 100
2 10
3 5 57
2 67
0
0
0
2 88
0
1 93
3 6 65
1 75
3 12 38
1 82
3 12 20
2 36
1 43
0
2 94
3 1 56
0
2 86
2 74
2 87
0
2 40
1 74
1 49
0
1 76
1 92
1 11
3 1 24
1 14
2 43
1 49
1 11
1 20
3 6 67
0
2 99
2 4
1 76
2 60
1 73
1 46
1 91
0
1 15
0
3 12 28
1 6
2 62
0
0
0
1 11
0
3 8 38
2 37
3 13 94
3 2 81
0
2 68
0
1 17
2 93
2 42
1 16
1 31
3 15 62
0
2 62
0
3 3 21
3 5 1
2 97
2 96
0
2 15
0
2 15
1 17
3 12 72
3 10 32
1 2
2 30
2 80
3 3 61
3 1 9
1 73
2 66
3 12 3
0
0
0
3 15 38
2 66
1 36
0
1 17
0
1 33
1 47
1 62
3 8 39
2 68
2 11
3 3 37
2 37
3 14 53
3 6 66
0
2 38
1 35
3 9 24
0
2 97
1 71
0
3 2 11
2 36
0
2 42
2 7
2 41
3 3 27
0
1 22
1 73
0
3 14 87
0
2 8
2 26
1 52
3 4 5
0
0
1 77
2 70
1 89
3 15 37
2 55
1 5
3 7 63
2 19
3 3 92
2 95
2 40
0
1 25
3 15 23
3 7 50
0
2 49
2 67
3 1 44
1 1
2 70
2 74
2 97
2 94
1 52
0
3 2 67
2 79
1 31
2 79
2 96
0
0
0
1 7
2 18
2 89
1 67
3 12 49
2 63
1 84
2 7
1 89
2 55
2 96
1 63
3 3 10
1 97
0
3 3 79
3 14 3
2 85
2 64
0
2 9
1 7
1 91
1 20
3 0 88
1 30
2 65
3 12 49
0
2 100
3 4 85
2 70
0
2 28
0
1 64
0
0
1 32
3 12 84
2 68
1 9
3 14 69
1 54
1 69
2 86
3 0 10
1 19
2 36
2 19
1 10
0
0
1 19
2 98
0
0
2 92
0
0
2 3
0
0
1 68
0
1 77
0
0
0
2 33
3 0 13
1 75
2 21
1 4
3 9 74
2 12
3 7 23
1 82
0
0
1 73
2 66
1 52
0
0
0
0
0
3 5 59
0
2 72
3 8 7
3 7 22
1 75
0
1 56
3 7 10
1 46
1 39
2 59
2 2
0
1 37
0
3 2 25
0
2 94
0
0
0
1 4
0
2 98
1 42
0
3 2 37
0
0
0
0
2 52
3 8 3
1 52
2 75
2 73
1 78
0
2 78
2 67
3 8 58
0
2 35
2 83
0
0
3 5 64
3 3 11
2 22
3 4 37
2 30
1 42
0
2 47
2 29
3 5 64
3 3 93
1 99
1 75
1 43
2 41
2 78
0
0
0
2 55
3 10 73
2 59
0
0
1 72
3 12 75
2 11
3 12 88
2 89
3 5 91
2 76
3 5 64
1 42
0
3 12 27
2 42
0
2 12
3 5 62
2 49
0
0
1 57
2 30
0
3 1 42
0
2 63
3 14 69
2 7
2 76
2 68
3 10 44
3 0 3
0
0
0
0
0
1 64
0
0
3 6 79
2 33
2 95
2 74
2 50
2 5
2 76
3 2 1
0
2 58
2 70
3 15 32
3 15 12
1 91
1 62
3 7 48
1 84
0
1 74
0
2 96
3 8 36
3 1 30
3 9 41
3 12 48
3 9 2
2 82
3 7 40
1 49
2 29
1 67
0
3 1 69
2 16
0
3 15 34
1 9
1 31
1 24
2 70
1 1
3 13 45
2 42
3 0 43
2 25
0
0
2 85
2 30
3 9 64
2 86
3 10 54
3 0 79
3 12 60
3 4 57
1 100
3 6 72
1 81
0
2 85
3 10 86
2 67
3 2 46
3 0 27
3 9 46
2 71
3 12 15
0
0
2 98
2 66
3 12 83
2 37
0
2 50
1 61
1 29
2 95
2 59
2 94
0
1 48
3 6 62
1 51
2 65
0
2 62
1 97
3 1 9
0
0
1 18
1 88
2 23
3 13 59
0
3 12 35
2 22
1 66
2 26
2 76
2 30
0
3 5 45
1 59
0
0
2 38
1 4
2 67
0
1 59
1 97
1 50
0
2 56
3 2 32
2 84
3 1 34
0
0
1 32
1 89
2 43
2 71
2 40
2 62
0
3 2 56
0
3 12 16
3 8 70
2 33
3 1 49
3 1 15
1 2
1 10
3 0 54
2 69
0
1 27
2 20
3 3 17
0
3 10 46
1 36
user
12
3 7 48
3 0 13
2 43
2 58
2 80
3 2 53
0
2 3
1 51
3 2 41
2 90
2 67
3 2 72
3 5 33
3 8 55
2 10
2 77
3 14 75
3 4 29
0
1 40
3 14 59
0
3 3 76
3 9 22
2 57
0
2 64
2 7
1 51
2 61
0
2 33
1 46
3 5 57
0
3 10 48
2 12
0
0
3 5 73
2 92
0
0
0
1 50
1 59
2 23
0
3 0 85
2 21
0
1 55
1 90
0
2 77
0
3 7 52
2 40
0
3 15 30
3 5 83
2 67
1 85
0
0
2 54
1 75
0
1 58
1 86
0
3 6 2
1 20
1 25
1 35
1 28
2 13
3 2 39
2 70
0
0
3 10 30
1 38
1 10
3 6 86
2 23
2 76
1 63
1 41
1 34
0
2 79
0
3 2 58
0
1 18
1 76
0
1 77
1 19
0
0
1 40
2 91
0
2 83
3 1 22
0
2 56
2 10
3 9 59
2 36
0
0
0
1 81
2 8
2 95
3 14 57
1 73
2 92
0
0
3 13 28
1 90
0
2 90
3 4 14
2 24
3 8 93
2 96
3 0 75
2 81
1 10
1 57
0
1 31
2 78
0
0
1 2
3 10 51
3 2 26
1 51
2 83
2 91
0
3 13 3
1 46
0
1 35
0
3 3 26
0
2 23
0
3 5 68
3 15 15
1 30
2 81
0
0
3 2 75
0
1 33
0
1 15
1 92
1 54
2 53
3 11 51
1 10
0
1 70
0
3 14 18
2 66
1 3
1 87
2 74
2 34
3 2 58
3 4 85
2 76
0
1 51
1 51
0
3 1 29
1 93
0
2 50
0
1 81
1 82
0
3 9 56
1 48
1 74
1 27
0
0
2 84
2 48
1 86
1 30
0
1 59
0
2 45
2 29
3 5 36
0
1 26
2 30
0
0
3 2 92
2 86
0
1 53
0
1 37
1 86
1 14
1 28
1 4
0
3 14 65
3 15 49
2 42
0
2 28
1 46
2 94
2 15
1 27
2 26
2 19
1 65
0
0
1 10
2 19
0
3 11 37
0
2 44
1 47
3 8 48
3 6 83
1 23
3 0 71
0
2 28
0
0
2 7
1 84
3 10 49
1 48
2 5
3 5 38
2 59
2 7
0
2 16
3 15 66
1 42
0
1 40
1 64
1 1
3 15 32
2 46
3 1 45
2 57
3 15 75
3 8 20
2 36
2 79
1 25
1 34
0
1 15
0
1 5
1 3
1 50
1 13
1 27
3 3 98
3 7 8
0
0
1 17
0
1 59
1 32
3 5 53
3 2 38
1 18
2 63
0
1 49
3 7 80
1 24
3 0 37
3 1 23
1 32
1 68
3 5 96
0
2 87
2 93
3 0 5
2 43
1 84
1 21
3 1 75
2 22
1 24
3 5 26
2 26
2 75
3 14 80
2 36
3 11 32
0
2 50
3 0 70
1 4
0
2 50
3 14 14
3 13 87
3 1 46
2 88
0
2 15
2 95
2 73
1 80
0
3 9 25
3 11 90
1 14
2 37
3 8 18
0
0
0
3 3 48
2 9
0
0
2 44
0
3 5 94
3 13 6
3 9 89
2 49
0
3 13 89
3 11 53
0
1 62
2 1
0
2 21
0
2 47
1 81
1 51
1 22
0
3 11 91
2 39
2 80
3 15 59
1 9
2 81
2 97
3 13 4
3 6 70
2 79
0
1 47
1 76
2 68
2 21
0
2 20
2 12
0
3 4 95
2 82
2 4
0
1 37
1 81
2 60
3 5 27
0
3 7 88
3 6 76
0
1 91
3 10 81
2 13
2 39
1 21
0
1 1
2 76
3 6 62
2 95
0
0
3 11 19
1 11
3 14 7
0
2 3
2 28
0
0
1 59
2 76
3 4 6
1 65
3 11 94
1 4
0
1 37
2 63
0
3 13 73
3 5 77
0
3 5 96
0
3 0 55
1 62
3 5 28
2 66
3 0 81
2 54
1 88
0
1 51
1 61
0
3 6 63
0
3 3 20
2 22
3 15 17
0
2 76
3 0 6
1 20
0
2 16
0
0
0
3 7 22
0
2 87
2 21
3 5 9
0
0
3 4 10
0
1 95
0
0
0
3 8 18
1 54
1 50
1 97
2 61
0
2 49
3 13 83
1 4
2 10
0
2 41
2 94
3 6 28
0
0
2 59
3 11 7
0
3 2 67
1 28
2 73
3 6 75
2 83
1 9
2 63
2 20
0
1 87
0
1 79
3 9 64
2 92
1 100
1 43
2 47
1 58
3 0 34
0
3 4 31
2 33
3 10 83
0
2 21
3 8 67
3 15 91
3 5 81
2 17
3 14 15
1 79
2 28
1 12
1 58
0
2 24
1 23
2 47
3 5 49
1 93
2 33
2 72
2 97
0
1 34
1 31
1 87
2 62
0
0
0
1 18
0
0
0
0
3 11 27
3 8 49
3 0 33
3 2 94
1 17
0
0
2 35
2 7
2 14
3 11 64
0
0
3 1 25
1 16
1 54
0
1 48
0
3 7 66
2 98
1 21
2 93
1 94
2 3
2 18
3 3 72
1 19
1 80
3 4 55
0
1 15
3 9 92
1 14
1 9
3 0 30
3 13 22
3 3 68
2 59
2 8
2 93
0
2 46
1 10
2 22
1 80
0
2 31
2 71
3 14 91
1 30
1 93
3 9 81
0
0
3 14 26
0
3 10 94
1 61
2 69
0
0
3 1 77
3 3 66
3 9 10
1 48
1 89
0
2 21
1 13
1 48
0
0
0
3 13 61
3 0 77
2 4
3 3 16
2 92
0
3 15 36
1 29
2 51
2 69
1 68
2 4
3 2 87
2 74
3 7 16
0
1 2
2 79
2 100
3 4 41
3 0 15
2 43
0
3 13 51
0
0
1 86
3 5 47
3 15 86
3 6 69
0
1 90
0
1 58
1 18
0
3 10 7
2 96
0
3 5 44
0
1 81
1 50
3 9 50
2 41
3 1 14
3 10 95
0
2 78
2 52
1 89
1 43
0
0
0
1 9
3 11 1
2 78
1 5
1 43
3 5 34
1 56
0
3 2 12
0
2 85
3 15 24
3 6 81
3 13 32
3 13 89
2 84
0
0
3 5 94
2 50
1 68
2 14
3 0 40
1 21
0
2 60
2 69
3 14 87
1 47
2 76
3 2 94
1 20
1 8
2 73
1 34
0
3 14 15
2 3
2 75
3 7 40
1 66
2 42
2 35
2 28
0
2 91
1 71
2 15
1 89
1 33
1 59
1 97
2 4
2 56
2 5
0
3 15 60
1 56
1 6
1 87
1 75
2 98
2 54
0
3 6 62
0
2 31
3 15 52
1 42
1 98
2 71
2 45
3 15 32
1 6
1 30
2 39
0
0
0
1 26
1 35
1 44
3 10 86
0
0
0
3 4 96
0
1 60
2 55
1 12
3 1 75
0
3 8 90
0
2 85
3 8 22
3 7 69
2 34
2 85
2 31
3 8 49
3 8 18
3 15 17
1 63
0
1 98
3 0 25
2 14
0
2 78
3 7 63
1 95
3 14 100
3 6 14
2 5
3 6 95
0
2 30
0
3 9 77
0
2 99
3 15 100
0
0
3 1 18
0
1 58
2 39
2 21
1 86
3 2 85
3 0 44
1 18
1 5
1 73
1 19
3 3 75
0
3 7 7
1 21
3 7 40
2 99
0
0
1 19
0
1 71
0
0
3 14 90
3 13 58
3 0 10
2 5
2 26
3 0 58
1 87
1 28
2 33
3 15 80
3 14 4
2 10
0
2 63
2 18
0
0
0
0
0
1 60
1 64
1 70
2 22
0
2 24
1 42
3 11 40
1 94
2 100
1 28
2 26
1 93
2 4
1 62
1 96
3 2 15
1 51
3 13 2
0
3 1 88
0
2 7
1 45
3 4 75
3 11 59
0
3 13 5
0
0
2 65
1 84
1 82
2 38
1 14
2 64
1 80
1 89
1 67
2 88
2 58
1 85
0
0
1 96
1 32
0
2 42
3 3 38
3 11 73
0
0
1 52
1 74
1 4
1 85
2 22
1 88
1 64
1 39
0
2 50
0
0
3 2 4
2 44
2 11
1 62
0
0
0
1 26
2 78
0
1 91
3 1 12
2 28
1 22
1 74
0
2 34
0
0
2 40
0
3 13 39
0
0
3 10 81
3 10 76
2 56
0
0
3 14 12
2 65
1 76
2 17
2 71
1 62
1 47
0
1 68
1 21
2 88
2 44
0
1 16
2 40
0
3 7 1
3 13 28
3 13 33
3 9 26
2 7
3 10 89
3 10 50
3 8 82
2 53
0
3 8 43
2 23
0
1 69
3 7 70
2 7
0
2 62
3 5 90
3 10 96
3 2 36
3 2 44
1 99
2 73
3 14 57
2 48
3 15 9
3 3 60
1 77
2 91
1 8
0
0
0
1 31
user
13
1 17
0
0
0
0
0
1 24
2 89
0
2 68
2 64
3 8 49
1 75
0
0
0
1 82
1 39
1 31
2 7
0
3 10 80
1 14
0
2 74
0
2 4
3 14 12
1 79
0
1 97
1 69
2 34
2 99
1 31
0
1 1
1 86
2 36
3 5 48
1 50
1 7
1 42
2 41
0
0
3 3 10
0
2 74
3 1 37
0
3 12 9
1 76
0
3 2 98
3 3 64
0
3 6 2
3 12 93
2 33
0
3 8 61
2 53
1 47
2 7
3 4 31
2 78
1 10
2 68
0
0
0
1 31
2 51
0
3 14 61
3 10 83
1 34
2 90
3 11 29
0
1 4
1 43
3 15 22
2 37
1 40
1 34
2 47
0
2 45
0
3 14 85
2 17
1 37
0
1 70
3 6 27
1 32
0
2 44
3 6 96
2 88
2 74
3 11 4
2 29
2 87
2 86
2 2
0
2 56
2 89
3 9 23
0
0
3 0 99
1 100
1 78
3 15 43
3 11 91
0
2 57
2 69
0
2 6
0
3 5 21
3 6 38
2 91
3 14 42
0
2 46
3 4 15
2 18
2 15
3 2 20
0
3 9 33
0
1 45
2 38
1 37
2 21
1 99
3 12 31
1 80
3 12 28
1 90
0
1 57
3 10 7
3 9 95
3 1 71
0
3 0 59
2 49
3 14 88
3 12 54
2 7
0
3 0 10
3 3 12
3 10 90
1 14
3 15 29
3 14 29
2 92
2 78
3 4 16
0
2 51
2 50
1 92
3 4 50
2 50
1 39
2 92
1 51
2 19
1 19
3 3 26
3 11 4
1 82
3 12 14
1 88
2 68
3 1 89
3 12 51
3 15 38
1 100
1 45
1 63
2 89
3 10 40
1 24
3 1 29
1 1
1 2
3 0 62
3 6 83
2 20
0
3 0 84
2 91
3 1 5
1 97
2 35
2 15
3 3 42
3 6 15
2 23
2 14
2 69
3 9 44
3 11 51
1 57
0
0
0
2 82
1 73
0
0
1 77
0
0
0
0
1 80
3 7 75
0
1 84
2 9
0
2 28
3 4 42
2 81
3 14 16
2 29
3 11 23
2 2
3 14 69
2 91
3 9 89
2 93
0
1 98
2 72
1 13
1 1
3 1 22
2 89
1 56
0
0
2 78
1 11
3 5 95
1 40
2 60
1 90
2 28
0
2 26
1 99
1 28
1 28
0
2 30
3 5 37
0
1 52
2 52
2 88
3 15 16
1 4
1 31
3 11 49
2 90
0
2 54
1 78
3 2 83
1 18
0
0
3 5 29
2 40
1 98
1 62
3 10 36
2 92
2 74
1 39
0
1 12
2 41
3 0 77
1 64
2 5
0
2 79
2 24
2 53
3 3 80
2 96
1 54
3 10 81
1 77
1 50
2 27
3 7 46
1 63
3 14 91
2 3
1 44
2 16
3 3 69
2 47
1 62
2 14
1 91
3 15 9
0
3 8 76
2 28
1 78
2 71
3 14 1
3 0 77
1 29
1 98
2 76
0
1 7
3 8 17
2 46
3 10 89
2 97
3 10 25
2 43
0
3 3 13
0
1 27
1 47
2 59
3 6 36
1 94
3 6 47
2 27
1 84
2 54
0
3 14 89
1 19
3 14 79
1 35
0
2 57
0
1 34
1 79
3 7 86
2 53
0
1 30
2 7
2 82
3 15 51
1 92
1 64
0
0
2 60
0
3 12 34
3 2 44
2 86
1 35
2 40
1 100
3 0 64
1 18
2 72
1 84
3 15 16
3 12 17
1 43
0
0
1 78
1 80
1 54
1 8
0
0
2 88
2 25
0
3 14 95
3 10 40
1 35
3 2 88
1 32
2 39
2 57
0
0
0
0
2 71
1 59
0
2 96
2 89
1 61
0
1 16
3 2 18
0
3 1 33
2 39
2 15
0
2 49
1 92
3 11 96
1 57
0
0
2 14
1 49
2 91
3 0 65
2 8
1 79
0
2 30
3 5 86
0
2 36
2 92
0
2 86
2 32
2 92
2 35
2 6
1 45
2 17
0
1 42
3 11 74
1 11
2 93
3 5 24
3 7 1
3 12 95
2 23
0
2 48
1 29
3 3 41
3 1 93
2 53
2 32
3 14 4
0
2 68
0
0
1 41
3 12 26
0
0
0
3 14 96
1 66
2 89
2 96
1 9
3 9 29
3 3 78
1 97
2 56
0
3 1 6
1 58
1 32
2 69
2 22
2 33
0
3 10 47
1 23
0
0
3 0 99
0
0
2 64
1 63
3 2 18
3 9 82
3 10 88
2 73
2 99
2 25
2 35
1 6
3 2 61
2 1
3 15 64
2 52
3 6 61
3 15 99
1 81
3 12 42
1 89
0
0
2 52
3 9 94
2 97
1 52
2 76
2 53
0
3 12 90
1 78
0
2 43
1 12
1 80
2 31
2 10
2 38
3 4 65
1 88
3 3 73
0
2 50
2 66
0
2 23
3 9 21
2 93
0
3 12 24
3 7 54
3 8 94
2 68
1 36
3 7 35
3 5 28
3 3 48
0
0
0
2 32
1 7
1 76
2 85
1 4
2 78
2 52
1 1
1 46
0
3 5 61
2 5
0
3 6 49
3 15 89
2 4
2 81
1 95
2 66
1 20
0
3 8 12
1 54
2 5
1 46
3 12 35
0
1 2
2 54
2 97
1 12
1 27
2 97
1 35
2 57
1 19
1 48
2 46
2 18
1 31
3 3 90
0
3 9 75
1 16
2 22
0
0
2 8
0
2 9
3 15 35
1 73
0
2 35
2 93
1 93
0
0
1 10
3 11 63
3 11 28
0
0
0
3 8 18
0
2 54
1 76
2 4
0
3 1 50
3 15 63
0
2 6
2 63
1 96
0
2 55
1 93
1 54
2 28
0
2 94
1 36
0
2 60
2 17
3 10 28
3 6 54
2 73
0
3 10 13
2 11
1 52
2 50
1 53
2 15
2 65
1 14
2 59
1 30
1 56
0
3 2 82
0
2 74
2 31
0
0
1 85
2 15
2 49
2 58
2 58
3 9 13
0
1 34
0
2 95
2 30
3 14 83
3 3 74
3 14 72
3 7 59
3 11 2
3 7 1
1 80
1 82
0
3 2 36
0
1 99
0
1 100
2 33
1 50
0
2 85
3 14 74
3 6 49
2 51
0
1 44
2 23
3 5 55
2 99
0
0
0
0
3 15 54
1 38
1 47
3 14 38
0
2 55
0
2 33
0
2 69
2 48
3 3 69
3 0 71
3 2 67
2 2
0
3 14 85
1 6
2 49
1 35
1 80
2 38
1 22
3 7 1
3 9 23
3 14 56
0
1 50
1 73
3 0 60
2 46
2 88
0
1 75
1 7
2 77
1 94
1 38
0
3 14 66
1 61
1 33
0
1 16
0
0
0
2 90
2 84
0
3 9 81
1 91
3 14 79
3 14 83
3 15 58
3 12 43
1 66
0
0
0
2 68
1 100
1 7
2 36
0
2 85
3 3 24
0
0
3 10 89
0
1 91
0
3 15 45
2 14
2 1
1 40
2 58
2 30
0
1 66
2 84
0
0
1 55
0
3 1 42
1 46
3 12 51
1 69
3 4 23
2 46
2 20
3 14 24
3 6 100
1 36
2 25
0
3 7 76
2 40
2 74
2 31
3 15 26
0
3 10 18
1 3
3 8 99
2 65
3 7 5
1 27
0
3 3 11
2 86
2 58
2 41
0
1 99
2 41
2 100
3 11 41
3 7 58
3 1 65
3 0 96
2 49
0
3 1 86
3 14 81
2 2
2 1
2 36
3 10 43
0
1 13
1 12
1 13
2 21
3 0 14
2 73
3 12 23
0
1 84
2 13
2 91
3 14 11
3 4 84
3 12 1
1 54
0
2 73
3 1 99
3 11 65
3 3 82
0
1 81
0
3 4 67
1 78
3 14 56
3 2 65
1 25
3 12 90
3 10 73
3 8 46
3 11 8
0
0
3 14 6
3 8 81
2 1
2 72
2 14
0
0
2 65
2 78
2 22
0
1 56
1 90
3 2 59
1 79
0
1 98
2 94
0
1 95
2 97
0
3 12 35
3 11 44
0
2 58
0
1 12
2 40
3 9 19
3 12 67
1 92
2 57
1 70
1 77
0
1 5
2 23
3 8 94
0
2 42
1 71
1 71
0
1 4
1 76
1 80
2 11
0
1 48
0
0
3 14 81
1 84
0
2 60
3 7 18
0
3 4 46
3 11 95
0
2 7
2 63
3 1 32
3 4 78
0
0
3 15 58
1 5
0
3 1 76
3 11 21
3 14 69
0
3 2 43
3 14 76
3 14 21
1 5
1 18
1 64
2 64
2 34
1 2
3 12 96
1 75
0
0
3 14 45
1 100
0
1 69
0
1 73
0
3 12 95
2 54
0
2 15
1 68
3 8 40
1 47
0
1 80
3 0 96
2 68
0
1 63
2 54
1 81
3 11 39
0
3 14 32
2 59
3 11 18
1 55
1 55
3 9 70
1 10
0
3 1 3
0
0
2 1
1 89
0
user
14
3 15 87
2 35
0
2 97
0
1 54
0
2 32
2 69
3 15 9
1 5
2 77
2 44
1 35
0
2 9
2 69
1 80
3 8 34
2 90
0
2 98
0
2 25
1 100
3 9 27
3 3 31
2 80
0
3 13 74
0
1 21
2 64
1 72
3 10 49
1 49
0
1 81
3 11 64
2 47
2 65
1 48
2 73
3 8 61
0
2 38
2 14
0
0
0
2 39
0
1 23
2 20
2 94
1 14
0
2 86
1 55
2 3
2 67
0
3 0 81
3 7 91
0
0
0
0
1 8
2 13
0
3 1 35
3 12 61
3 15 39
1 19
2 20
2 35
1 68
2 74
3 10 87
1 66
2 36
2 18
2 48
0
0
2 46
3 13 51
1 67
3 7 6
1 79
3 13 3
2 60
0
3 3 62
2 78
0
3 10 36
0
0
0
3 15 33
3 3 59
2 100
1 93
1 82
2 43
2 21
3 5 72
2 95
2 89
1 91
2 55
0
2 84
2 89
1 38
2 46
0
1 53
1 69
2 37
2 1
0
0
3 0 80
1 73
3 9 67
3 11 89
3 11 51
0
3 2 10
3 13 51
2 34
1 93
1 39
0
0
3 3 69
3 8 59
3 3 32
0
2 21
0
1 83
0
1 21
1 82
1 49
3 15 56
2 39
0
1 10
0
2 84
1 54
1 76
3 3 17
1 92
0
3 0 81
3 8 77
3 8 7
1 91
0
2 27
3 7 45
0
0
2 68
2 69
2 76
1 10
0
0
1 31
2 96
0
0
0
3 11 30
1 17
2 59
0
0
1 39
3 7 42
1 49
0
2 27
0
3 12 38
2 77
1 36
0
2 28
2 83
0
2 12
2 32
3 11 77
1 55
3 7 6
3 2 54
1 4
2 8
2 93
0
0
1 50
2 12
3 0 21
1 74
3 15 41
3 1 1
0
3 15 59
2 84
1 18
2 22
3 10 6
0
0
2 36
3 13 48
2 51
1 47
0
3 1 72
0
1 21
2 98
1 43
3 15 17
2 70
0
2 57
3 7 25
0
3 4 73
3 8 52
2 19
3 4 40
3 9 25
3 3 26
0
3 7 94
1 6
0
0
2 39
1 60
2 45
2 76
2 50
3 15 77
1 64
1 11
0
3 5 18
2 49
3 1 62
3 9 71
2 8
3 9 73
3 3 33
2 28
0
1 26
3 11 23
1 41
3 13 14
0
2 35
1 66
3 12 22
2 10
1 3
3 15 27
1 13
2 15
2 99
0
1 37
1 71
1 94
1 98
2 66
3 13 60
2 56
3 0 31
3 7 26
1 16
2 1
0
2 91
2 100
1 47
0
3 9 78
3 7 76
0
2 58
3 7 21
1 63
2 44
3 13 49
1 6
2 91
3 6 4
1 23
3 12 96
1 69
2 48
1 87
1 60
1 35
3 0 15
3 6 97
1 82
2 54
2 62
0
3 15 35
0
1 54
2 63
0
0
3 3 56
2 75
0
3 8 6
2 51
2 52
1 7
0
1 94
0
0
0
3 7 87
0
3 15 99
3 11 60
0
1 15
0
1 77
3 4 10
3 4 63
1 70
3 6 93
3 8 79
1 97
1 53
2 16
3 3 90
1 54
3 10 92
3 5 5
3 7 71
0
0
3 3 30
2 49
1 67
2 60
0
2 91
3 7 62
3 11 26
0
2 12
2 77
1 39
3 0 26
2 15
2 80
2 20
1 20
3 0 85
2 49
1 28
1 51
1 82
2 81
0
3 4 37
1 12
2 38
2 48
2 18
1 27
1 62
1 6
1 35
2 33
2 83
0
1 3
0
2 62
0
3 3 15
0
1 26
2 28
1 45
2 41
0
1 54
0
0
3 15 23
1 62
3 11 10
0
0
1 92
2 97
3 1 67
1 5
1 37
1 50
2 46
0
3 1 37
0
0
3 15 93
3 15 67
1 39
1 98
0
2 61
2 14
3 11 82
1 58
3 3 77
2 26
2 92
0
2 97
3 6 18
3 7 48
1 32
0
1 89
1 2
0
2 22
2 66
2 14
3 5 27
1 96
0
0
1 32
0
1 36
2 56
2 89
3 13 8
2 48
1 6
2 8
0
3 15 53
1 88
2 61
0
2 80
2 48
0
2 88
3 1 5
0
0
0
0
0
2 31
3 2 49
0
0
0
1 24
3 9 13
3 15 79
1 55
0
3 0 10
0
1 54
2 73
0
1 80
0
2 7
2 10
3 3 23
1 2
2 53
2 30
0
1 14
1 79
2 70
2 28
0
1 54
1 22
1 81
0
3 12 33
0
0
1 82
2 40
1 74
3 15 22
2 5
3 9 22
1 46
2 78
0
1 54
0
0
0
2 86
3 11 84
2 28
3 3 84
0
2 5
2 94
0
1 36
0
3 4 76
1 67
3 2 95
0
2 78
3 15 36
3 8 98
3 7 91
1 14
0
2 37
2 24
2 86
1 28
2 57
3 13 39
3 5 14
0
2 12
3 9 50
2 83
3 10 40
2 86
3 3 94
2 35
1 69
0
2 6
0
2 53
2 63
3 6 83
0
3 12 15
2 85
2 11
2 31
1 79
2 56
0
3 1 25
1 58
0
2 100
2 40
0
0
0
1 48
1 86
2 12
3 1 69
2 78
1 64
2 22
1 77
0
2 54
0
3 9 17
3 6 57
0
2 4
2 85
1 91
1 69
1 46
3 0 7
3 0 17
2 6
1 12
2 25
1 36
2 26
0
2 32
1 70
2 76
0
3 15 65
2 8
3 10 95
0
0
0
3 11 60
2 20
3 6 5
0
3 10 58
2 19
3 13 57
0
0
3 10 57
2 26
2 96
3 15 49
2 96
3 8 84
1 59
3 10 47
0
1 51
0
2 64
0
0
0
1 39
2 98
1 8
3 3 41
3 15 38
2 45
3 11 81
2 21
0
2 61
1 58
1 100
0
2 22
1 97
2 18
0
1 60
3 8 1
2 78
0
0
0
2 51
2 14
2 57
1 95
2 6
1 56
2 9
0
0
2 69
1 91
2 21
0
3 15 36
1 3
0
1 78
3 4 29
3 9 26
3 11 75
1 92
3 4 62
0
0
0
0
3 2 70
0
3 1 96
0
1 97
3 2 89
1 93
1 17
1 63
3 8 29
2 4
2 37
3 11 20
2 32
2 59
1 5
0
2 78
0
3 4 34
3 7 28
2 69
2 2
1 73
0
3 11 89
1 7
0
0
2 98
3 13 20
0
1 95
0
3 9 25
3 12 7
0
1 7
1 85
1 7
3 0 11
3 13 54
0
0
2 75
0
2 7
3 13 30
3 12 72
1 32
3 8 46
2 45
3 12 78
0
2 97
1 72
0
3 12 75
3 15 84
0
2 15
0
3 5 52
3 4 51
2 72
0
1 23
3 6 29
3 6 60
0
0
0
0
3 7 74
1 19
3 15 69
0
3 1 3
0
0
0
0
3 9 38
2 70
3 15 50
2 95
3 0 16
1 87
2 43
3 9 100
0
2 38
3 1 80
1 89
3 6 6
3 11 29
2 34
2 52
0
3 12 84
1 39
1 34
2 66
2 73
2 65
1 72
3 1 47
0
1 32
3 2 20
0
0
3 15 20
3 2 91
0
3 11 88
0
1 51
0
1 38
1 69
0
1 20
1 68
2 82
1 7
2 31
2 97
3 12 98
2 32
3 15 23
3 15 83
0
2 52
2 88
1 40
2 10
2 98
1 36
0
1 52
3 15 23
3 11 33
3 1 25
2 25
1 41
2 84
3 11 43
1 66
3 4 21
1 5
2 18
1 94
1 62
3 3 65
0
3 12 19
0
2 37
1 62
0
0
3 11 16
1 80
3 11 46
3 7 19
3 6 74
3 4 12
2 100
1 8
0
3 5 53
2 46
0
1 9
3 8 57
0
2 89
0
0
3 12 15
1 58
1 50
1 5
1 20
3 2 59
1 46
2 92
3 12 57
2 96
0
1 81
3 12 66
0
2 68
3 10 12
3 1 4
3 9 10
0
0
1 25
1 60
0
0
2 61
0
2 15
3 10 98
0
0
0
1 86
2 85
3 3 37
2 3
2 54
1 23
1 96
2 19
3 11 82
3 11 23
1 1
2 67
1 71
0
2 56
3 15 53
3 15 69
3 13 76
0
2 42
3 4 69
1 99
3 10 18
0
0
1 52
0
1 62
2 19
1 6
2 67
0
0
0
2 67
3 2 83
2 67
1 90
2 4
0
3 8 14
2 12
3 15 33
0
1 4
0
1 57
1 67
2 96
2 14
1 52
3 5 99
3 5 83
0
1 96
0
3 0 56
0
3 0 1
0
3 13 69
2 32
0
0
2 93
1 94
3 5 4
3 15 56
2 67
2 46
0
2 92
1 5
2 60
1 4
3 7 74
3 7 42
1 51
2 89
2 71
3 10 61
1 98
3 0 65
2 1
3 13 33
1 97
1 89
3 3 1
0
2 83
user
15
2 35
0
0
3 12 100
2 90
1 100
3 0 98
3 1 77
2 56
3 6 48
0
2 86
2 46
2 84
3 11 89
2 65
2 12
3 13 66
1 32
0
2 56
2 68
0
1 78
2 29
1 81
1 2
2 45
0
0
2 29
1 93
2 43
1 38
3 6 98
1 91
3 7 35
3 0 56
1 54
3 1 56
0
1 66
2 49
2 100
1 35
0
3 14 5
1 6
3 0 21
2 77
1 68
2 83
1 4
3 0 91
0
0
3 2 89
2 18
1 9
1 18
1 11
1 42
2 80
2 20
1 40
1 78
0
3 0 73
1 68
1 45
0
2 93
2 20
3 9 91
1 45
2 73
1 93
2 16
1 67
1 9
3 10 97
0
3 9 3
2 100
0
3 1 21
0
1 23
3 14 31
2 52
2 88
1 95
0
3 3 92
1 91
2 12
3 8 32
2 90
0
0
2 53
1 99
1 18
1 5
2 82
0
3 11 86
2 72
0
2 19
2 55
3 9 64
3 2 40
3 7 89
3 0 82
0
2 18
0
3 0 26
2 33
3 2 67
3 4 30
1 37
0
2 94
1 34
1 91
2 15
1 16
3 12 76
1 56
2 23
1 69
0
0
0
2 11
0
0
0
0
0
2 50
2 55
2 53
0
2 63
0
0
0
3 10 30
3 14 9
1 95
1 15
0
1 40
0
0
0
0
2 63
1 94
3 9 1
0
0
3 9 71
1 41
1 40
3 9 15
2 18
2 36
0
3 14 17
3 12 64
2 97
1 32
2 68
1 8
0
0
1 13
1 67
3 9 63
2 41
0
2 83
3 1 96
2 9
0
3 2 12
2 59
2 21
3 14 17
3 0 63
3 4 9
3 12 38
0
3 9 84
0
1 7
1 23
0
2 96
2 88
2 41
2 30
3 10 13
0
1 60
0
2 85
2 20
2 18
2 69
2 88
0
1 37
1 6
1 21
3 10 2
1 62
0
1 41
1 54
1 41
1 60
0
0
1 75
2 89
1 54
2 64
1 97
2 47
2 17
0
3 8 6
0
2 73
2 91
1 80
1 17
2 24
2 49
1 40
0
2 100
3 14 18
3 3 36
1 66
0
0
2 84
0
2 29
3 9 20
3 1 56
1 28
0
2 44
1 12
0
0
1 45
3 8 83
2 41
1 53
3 5 12
1 37
3 1 12
0
2 99
0
0
3 11 95
1 21
3 12 95
3 0 70
2 86
1 67
3 3 80
2 89
3 2 7
2 58
2 53
3 2 46
2 83
2 9
1 40
0
2 38
3 2 62
0
0
2 51
3 6 65
0
1 84
2 14
1 44
1 18
0
1 53
0
3 7 18
0
1 65
1 25
1 69
3 7 25
0
2 72
0
3 7 94
1 10
2 12
1 27
1 52
2 37
1 60
1 43
3 6 46
1 21
2 90
3 3 34
3 14 30
1 35
1 99
0
2 87
0
1 86
3 12 48
3 14 67
3 14 70
0
3 11 80
2 46
1 83
0
1 83
2 22
2 87
2 66
1 90
2 54
2 45
3 4 61
2 53
1 88
2 80
3 12 6
1 96
2 43
0
3 3 99
3 0 91
2 47
1 90
0
1 83
0
3 12 71
2 85
2 9
1 80
1 71
2 95
0
2 37
1 89
1 51
2 38
1 88
3 4 30
1 28
2 22
1 31
2 8
1 13
2 37
1 72
2 98
2 8
1 28
2 8
1 61
3 5 56
3 14 60
3 3 14
3 6 15
3 6 35
1 95
2 46
0
1 38
0
3 13 18
1 39
0
3 5 80
3 5 83
0
0
1 84
2 20
1 81
3 0 50
0
0
1 44
1 95
3 0 37
0
2 17
2 16
2 91
3 4 68
3 7 21
1 79
3 4 12
0
0
3 14 65
1 81
0
0
1 30
3 0 18
1 73
2 14
1 86
3 6 90
2 87
2 46
1 40
1 92
0
0
1 29
2 93
0
0
1 87
3 11 42
3 2 37
2 12
2 57
0
1 62
1 52
0
1 1
3 10 1
1 81
0
3 13 19
2 6
1 7
2 33
1 51
0
1 65
0
2 97
3 9 84
2 3
0
1 70
1 30
2 26
2 73
2 26
0
3 6 85
3 6 83
1 88
1 15
1 71
1 26
1 32
3 4 31
0
1 48
3 1 97
2 26
1 7
2 15
0
1 33
3 6 37
1 39
0
0
0
2 23
3 10 67
0
3 10 100
3 10 57
3 11 70
3 12 76
0
3 13 72
3 0 4
1 51
0
2 7
3 5 38
0
1 91
1 98
3 3 12
1 76
1 92
1 41
3 2 44
3 7 96
2 15
1 81
2 99
2 41
1 42
3 10 52
3 1 13
2 58
1 93
1 82
2 70
2 66
0
3 1 33
3 13 33
1 45
1 41
3 0 46
1 67
0
0
2 19
2 62
3 13 84
2 96
2 90
3 1 51
2 28
3 0 56
0
0
3 11 15
3 2 40
0
3 12 13
3 2 34
3 14 1
1 79
2 45
1 52
1 52
2 89
1 41
1 99
3 0 35
2 45
2 51
0
2 40
0
3 0 99
1 18
3 10 30
3 0 61
1 88
3 5 63
0
3 4 100
3 12 45
1 64
1 32
2 57
3 0 45
0
0
3 9 16
3 1 68
3 2 70
3 4 19
2 64
0
0
3 13 97
2 82
2 16
3 8 33
0
2 67
0
3 0 76
2 89
3 11 1
2 34
0
3 7 90
0
0
0
0
3 12 18
2 94
2 18
2 88
1 90
2 88
0
3 9 98
3 2 22
1 72
2 44
1 40
1 89
3 6 33
1 62
3 1 92
0
0
0
1 26
1 46
1 10
3 8 16
3 0 5
2 83
2 73
3 2 92
0
3 13 10
1 3
2 78
2 79
2 22
0
0
1 3
1 47
1 30
2 68
1 73
0
1 52
0
3 7 45
2 66
1 85
2 29
2 5
2 24
1 42
2 17
1 25
2 23
0
2 86
2 7
3 5 89
2 89
1 39
1 48
1 41
2 95
1 82
1 42
1 87
0
3 0 39
0
0
1 27
0
1 89
3 0 11
3 3 1
2 31
0
0
0
2 80
1 88
2 28
1 35
2 91
2 93
0
2 82
0
2 3
2 96
2 38
3 0 28
0
3 1 11
0
3 7 20
2 39
0
0
2 4
1 71
1 46
2 43
0
3 2 58
1 87
0
3 7 46
0
1 61
1 53
2 84
3 6 52
3 13 70
2 11
1 62
2 94
2 96
1 29
0
0
2 89
0
3 3 13
3 9 89
3 4 77
3 13 16
1 14
2 47
1 65
1 11
0
1 57
3 7 91
1 47
1 12
0
1 32
1 69
3 6 43
0
3 12 54
0
2 53
1 29
3 0 56
2 11
2 79
2 34
2 77
3 9 28
3 10 47
0
2 41
3 0 97
3 6 18
2 28
2 74
3 2 45
0
2 78
2 6
2 97
0
2 45
3 4 5
3 7 32
0
2 17
2 10
2 38
1 19
2 10
1 50
0
0
1 57
0
3 8 12
1 68
0
1 22
1 94
2 40
1 29
2 74
2 88
0
0
2 89
2 12
1 6
3 10 36
1 69
1 24
1 35
0
3 0 84
2 3
3 0 5
1 29
0
3 13 19
1 92
1 62
0
3 10 82
3 1 38
3 13 40
3 11 98
1 66
3 12 43
1 58
0
1 66
1 29
2 95
1 77
1 1
1 1
0
0
2 64
2 53
1 24
0
1 95
2 92
2 52
3 12 25
3 12 98
2 36
2 64
2 95
2 87
1 96
0
3 6 77
1 44
1 56
0
2 96
2 83
3 5 32
2 52
3 9 72
2 14
1 28
1 71
1 68
2 97
2 26
3 1 48
3 5 17
3 4 62
2 61
2 80
1 79
0
0
3 8 58
2 21
0
0
1 46
3 12 67
3 0 70
0
1 40
0
1 51
1 50
0
3 4 64
3 9 86
0
0
0
1 22
3 13 41
1 37
3 11 27
3 0 93
2 25
0
2 55
3 4 14
2 83
0
1 15
3 2 82
1 79
2 9
1 100
3 13 42
0
0
2 26
3 9 41
3 4 5
0
1 69
3 3 44
2 31
0
2 4
0
2 82
1 82
0
3 10 67
1 35
0
2 94
0
0
2 65
1 85
0
3 5 28
3 6 68
0
1 6
2 68
3 0 8
1 62
3 13 38
1 95
3 0 68
1 41
2 24
0
2 72
1 3
2 12
0
0
0
3 10 35
1 11
0
3 8 37
3 11 52
3 10 10
2 89
1 82
0
3 11 25
2 35
0
2 45
2 13
1 30
2 8
1 56
2 100
2 93
3 9 14
0
1 45
3 14 87
0
1 87
2 18
2 54
2 91
0
0
1 58
1 67
2 7
0
0
2 10
0
0
0
2 8
2 19
2 61
1 76
0
1 22
1 39
2 40
0
0
2 26
3 1 6
3 0 58
3 1 51
1 87
2 63
3 9 53
