user
0
3 6 4
1 9
0
0
3 13 61
2 76
1 13
3 1 67
0
3 1 70
0
1 35
3 9 63
3 11 12
3 1 73
1 92
2 25
1 88
2 25
1 36
3 4 92
3 14 8
3 9 45
1 32
1 31
2 68
2 19
0
0
3 5 76
0
3 10 92
1 89
3 2 39
2 47
3 14 2
1 5
0
1 18
3 4 17
3 8 36
2 68
3 8 31
2 12
0
3 8 64
3 14 17
2 62
2 89
2 65
2 88
2 69
2 88
2 20
2 19
1 25
2 71
2 32
2 47
2 27
0
1 53
2 83
0
1 41
0
1 3
2 17
2 20
0
3 13 26
0
1 46
2 75
2 12
0
3 11 57
0
1 2
3 12 33
0
1 91
3 15 64
0
1 79
2 75
2 57
2 22
2 7
1 66
3 10 36
3 7 38
1 87
0
3 9 25
3 10 68
2 60
1 73
0
1 74
user
1
1 94
2 4
0
0
2 41
2 10
3 6 91
1 94
1 53
1 76
1 97
2 4
0
3 0 71
1 93
0
3 4 12
3 5 38
3 10 43
0
0
0
1 32
3 9 23
2 9
3 11 83
0
2 30
0
2 34
2 3
1 69
3 0 26
1 34
1 34
1 13
3 3 62
3 4 45
0
0
2 38
3 9 52
2 87
3 7 14
2 15
1 19
1 1
3 14 35
2 10
1 83
0
1 74
0
0
1 94
0
3 6 11
0
2 35
2 74
2 83
1 27
3 6 68
0
0
2 76
1 86
3 8 91
0
2 93
2 8
2 38
3 5 10
0
3 2 10
2 28
0
0
2 78
3 13 99
3 6 4
3 2 22
2 69
0
3 2 45
1 91
3 8 7
2 2
2 12
0
2 28
3 3 1
3 2 39
2 83
0
0
0
2 72
2 72
0
user
2
1 90
2 91
2 90
1 10
2 26
1 61
3 3 72
3 13 56
3 3 1
0
0
2 32
1 44
2 71
3 11 40
2 90
2 75
0
1 24
2 60
1 33
1 11
2 37
0
2 45
2 89
3 4 5
1 48
2 27
0
0
1 35
3 7 86
2 36
2 44
2 33
2 66
1 57
1 77
1 25
1 7
2 13
3 12 96
0
3 7 99
0
1 32
0
0
3 13 94
2 70
0
0
0
2 73
1 8
0
1 51
3 8 31
0
2 56
1 40
0
1 92
3 9 96
3 13 24
3 12 56
3 11 38
1 59
3 12 77
2 13
1 88
2 7
2 10
0
1 76
0
0
2 84
1 16
2 64
0
0
2 66
3 5 43
0
1 78
0
0
0
3 6 99
0
2 48
2 92
3 11 39
0
2 68
1 52
2 57
0
user
3
1 99
2 81
0
1 77
0
0
3 5 49
1 58
2 58
3 13 6
1 28
0
3 15 83
2 85
0
3 13 79
3 12 70
0
2 76
0
1 71
3 14 44
0
1 87
1 60
3 6 10
1 51
1 62
3 0 46
3 1 93
2 7
0
2 74
0
1 11
0
0
1 76
2 25
3 1 4
2 81
0
2 31
1 26
3 7 86
0
0
0
0
2 23
1 31
3 8 86
1 12
3 5 73
2 99
1 52
2 79
3 11 71
3 9 13
1 55
2 33
2 89
3 13 33
3 8 11
3 6 9
1 77
1 41
1 29
2 93
0
0
3 12 46
2 73
3 15 59
0
3 5 57
1 78
3 6 81
1 42
2 70
3 4 42
2 99
2 42
1 86
1 84
0
2 46
1 42
1 43
3 5 63
1 52
2 53
2 17
3 12 42
3 15 1
1 27
0
0
3 4 42
0
user
4
0
0
3 7 92
3 11 49
1 56
3 9 82
2 26
0
1 56
0
3 14 7
3 0 55
0
1 32
1 41
2 82
3 0 64
2 21
3 2 51
3 12 57
2 41
3 15 15
1 32
1 96
0
1 54
2 89
1 80
1 62
2 4
0
1 20
3 14 57
3 12 57
1 45
1 84
0
1 12
3 9 97
3 8 82
1 56
3 7 5
3 7 52
1 73
3 6 38
1 74
0
3 6 38
0
3 1 15
0
0
1 53
1 32
0
2 67
3 6 22
1 68
1 45
0
3 0 27
0
3 2 38
3 5 32
3 2 86
0
1 82
1 55
0
3 0 7
0
1 45
2 13
2 63
0
2 52
3 3 3
1 19
2 1
2 74
2 44
2 67
1 33
3 5 63
2 75
2 35
0
3 15 29
1 77
1 67
1 63
3 10 43
3 6 94
0
0
1 77
3 11 95
0
2 81
0
user
5
2 74
1 77
1 32
0
2 60
2 21
0
2 71
3 8 62
2 41
0
2 40
3 3 8
2 24
2 83
3 10 69
0
1 24
0
0
3 3 44
3 10 41
2 92
3 6 35
0
2 43
1 60
1 31
1 87
2 69
3 6 39
3 8 93
3 1 2
1 48
1 7
0
1 83
0
3 2 64
2 29
1 32
2 66
1 91
3 14 98
2 11
3 12 7
3 1 45
1 19
1 69
3 11 36
0
1 5
0
0
0
2 42
3 10 32
3 3 88
3 6 17
3 7 18
0
3 8 20
0
2 87
1 43
0
3 1 10
3 11 95
3 0 88
0
1 38
1 62
0
3 15 9
3 8 98
2 25
0
3 6 10
0
3 3 82
0
1 15
1 27
3 10 63
3 6 51
2 5
3 14 91
3 2 27
1 9
2 37
0
1 75
3 9 3
3 7 24
1 5
0
2 36
1 15
1 89
0
user
6
1 27
2 66
3 10 28
3 14 23
0
1 53
1 16
2 29
3 14 15
3 10 6
0
0
1 47
1 58
1 64
2 12
3 12 22
3 4 26
3 13 58
2 62
2 15
2 44
2 24
3 2 93
0
1 90
0
0
3 15 86
3 7 59
3 10 25
3 8 14
2 37
0
3 11 48
3 4 37
2 99
1 20
3 13 45
3 3 44
1 99
1 30
3 5 20
0
1 2
3 3 10
2 92
2 46
2 64
0
0
3 12 90
2 74
0
0
3 10 61
1 66
3 7 50
1 34
2 12
3 11 42
0
2 66
0
1 78
2 50
2 67
1 23
2 10
3 7 83
1 51
0
2 4
2 63
2 52
1 77
1 21
2 6
0
3 3 55
2 98
3 4 4
3 11 24
0
1 78
1 71
3 11 87
0
1 56
2 20
1 91
3 15 47
3 2 93
1 70
1 36
1 45
1 68
2 28
3 2 28
1 82
user
7
3 9 34
2 1
3 10 80
3 8 28
2 49
2 55
1 88
2 23
2 75
2 9
2 40
1 77
3 8 56
2 82
1 57
1 5
3 0 62
2 29
1 92
3 15 52
0
3 12 18
3 2 61
2 26
3 1 54
0
0
2 50
3 8 22
0
1 13
3 11 61
3 9 79
1 71
1 71
1 49
1 13
3 13 61
3 4 51
0
1 86
0
0
2 99
3 15 61
3 8 14
1 84
1 86
2 77
1 33
2 83
3 4 13
1 65
1 96
1 90
2 51
2 97
0
2 39
1 50
3 5 25
1 12
1 16
2 58
1 100
0
3 15 76
2 83
1 27
0
0
0
0
3 14 64
1 3
2 44
0
0
0
1 76
0
2 73
0
1 15
1 92
1 20
2 42
2 92
3 1 44
2 17
2 8
1 48
1 81
1 81
1 37
2 29
1 13
3 3 31
0
2 79
user
8
2 33
1 85
3 9 53
0
0
3 14 98
2 22
1 61
2 57
1 60
3 14 88
1 3
0
0
2 21
2 41
2 28
3 15 88
0
0
3 6 62
1 44
3 7 37
2 27
0
3 9 63
0
2 8
3 15 23
3 11 83
1 82
2 59
2 23
3 6 27
2 36
3 3 78
1 56
3 11 22
3 9 92
0
3 3 9
1 24
2 20
3 10 66
0
2 11
0
3 15 73
1 25
1 2
0
1 76
0
2 20
2 2
2 25
0
2 35
1 21
0
2 26
2 69
3 13 87
1 5
1 41
0
3 0 81
1 81
3 14 57
2 98
3 1 47
2 56
3 10 32
1 45
3 14 82
1 54
2 45
2 54
3 7 43
0
3 13 40
1 42
2 60
1 84
0
1 44
3 0 82
1 22
3 3 47
1 69
3 6 13
3 6 33
1 59
1 22
2 84
1 38
1 52
0
3 5 89
0
user
9
1 24
3 14 38
0
0
0
1 54
1 30
0
0
3 0 37
3 14 5
3 14 20
1 3
3 14 27
1 8
0
0
1 45
2 35
3 6 62
1 12
2 54
1 97
3 1 47
0
3 2 16
3 2 26
3 3 57
3 13 59
1 72
3 11 67
2 44
1 6
0
0
3 13 83
2 21
3 10 39
0
3 0 92
3 5 24
3 4 57
0
1 53
2 100
1 94
0
3 0 49
2 66
1 18
1 87
3 15 89
1 89
2 21
0
1 96
0
1 80
1 77
2 53
1 53
3 4 2
1 9
1 39
0
2 96
2 40
1 68
3 6 82
0
0
2 65
3 7 78
2 40
1 75
3 8 33
2 73
3 5 54
0
1 46
2 98
3 4 31
1 64
2 43
3 7 90
2 93
0
0
2 29
1 36
2 93
2 97
1 58
0
0
1 33
2 3
3 1 51
1 77
0
user
10
3 7 35
3 7 97
3 13 21
3 15 54
1 61
1 4
1 61
3 11 98
0
0
3 1 48
0
3 4 65
2 78
0
0
3 3 72
3 3 65
2 33
3 5 93
1 45
2 54
2 80
2 15
3 6 75
2 58
3 4 66
3 15 52
1 65
3 8 38
3 2 83
2 47
0
2 26
0
2 84
0
1 46
3 0 29
0
0
2 7
1 77
1 41
3 15 2
3 6 8
1 52
1 2
1 29
3 13 96
1 43
1 59
2 20
0
2 42
0
3 9 45
3 4 97
3 7 95
0
0
1 11
0
2 58
0
3 3 80
0
2 53
3 7 54
2 76
0
1 25
1 55
1 13
2 86
0
1 94
0
2 40
0
3 1 26
2 91
1 44
3 8 67
3 14 100
1 27
0
1 12
0
3 13 69
2 15
3 0 63
3 15 97
1 38
1 45
0
0
2 56
1 95
1 83
user
11
1 71
2 4
0
2 86
1 100
2 76
1 48
0
2 61
1 97
0
0
3 7 31
2 85
3 7 63
0
2 4
2 32
3 3 1
1 91
3 14 2
1 55
0
1 87
3 14 61
2 40
0
3 2 2
3 4 85
0
3 4 60
3 5 38
0
3 10 60
0
0
3 4 52
3 7 38
0
2 6
3 7 33
3 5 28
2 58
2 12
1 28
2 10
2 86
2 81
3 7 62
3 1 7
3 14 64
2 83
0
0
0
1 88
0
2 90
0
0
2 29
1 10
2 30
0
1 37
1 21
1 72
0
1 72
0
0
3 7 78
0
3 13 87
3 0 54
2 29
1 50
1 52
3 0 23
3 4 19
1 94
2 67
3 8 59
1 32
1 90
3 3 87
1 43
0
2 50
1 8
2 25
1 95
3 9 52
1 1
3 0 20
2 20
3 12 73
1 44
1 54
1 17
user
12
3 5 49
3 5 42
0
1 94
3 3 23
0
2 30
0
2 87
1 70
1 84
0
2 37
2 9
3 6 18
0
3 3 58
0
2 87
1 40
2 84
0
3 11 5
1 11
1 28
3 3 7
1 53
0
3 4 40
0
2 96
3 6 32
3 15 1
1 24
0
0
0
1 30
1 65
3 14 3
0
1 27
1 77
0
3 5 5
1 70
1 87
1 85
3 13 86
0
2 76
1 48
2 68
0
3 3 28
1 35
0
2 95
0
3 3 76
2 37
1 51
1 63
3 10 52
0
2 2
1 42
2 75
2 42
1 73
0
1 19
1 82
1 97
3 13 41
3 13 71
1 68
3 3 28
3 2 78
1 21
3 14 81
3 8 78
0
2 47
2 33
0
0
2 11
3 5 61
0
2 37
2 5
0
0
3 9 97
0
0
0
3 15 88
3 15 7
user
13
2 88
1 39
0
3 14 60
0
1 45
3 8 10
1 67
2 19
1 74
0
1 75
3 9 62
2 92
0
3 15 41
3 2 88
3 3 92
1 75
2 56
3 1 70
2 65
0
0
1 78
3 9 29
1 3
3 7 29
3 11 96
0
2 15
1 83
2 38
0
2 63
0
3 8 62
0
0
3 0 8
3 9 19
0
1 18
2 66
2 100
3 3 81
2 30
3 14 38
2 66
2 67
2 19
2 73
0
3 4 26
1 40
2 20
0
1 17
2 14
2 73
2 40
0
2 25
0
1 50
0
3 6 45
1 1
1 88
3 8 18
0
0
3 5 10
0
2 69
2 96
1 68
3 3 1
0
2 60
0
1 12
1 3
2 18
2 25
0
3 2 17
1 50
3 3 71
1 46
2 21
3 5 99
3 4 65
3 3 10
0
0
0
1 7
2 20
3 15 51
user
14
1 85
2 45
3 15 66
3 0 100
1 62
1 13
1 10
0
3 9 53
1 35
1 55
0
0
2 3
1 96
0
3 2 27
1 14
1 77
0
2 56
2 57
2 45
3 1 91
0
0
3 11 97
2 5
0
1 87
1 72
3 0 80
1 93
3 10 27
0
1 71
2 29
3 11 17
2 57
2 53
0
3 15 57
1 29
1 63
1 45
2 63
1 7
0
3 5 84
0
1 39
0
2 62
0
2 52
2 65
0
0
1 2
1 92
0
1 61
2 27
1 33
0
1 37
0
2 49
2 9
1 40
1 85
2 79
3 1 90
3 3 37
2 89
0
1 69
2 41
3 9 72
0
2 66
2 24
1 51
3 7 3
0
3 8 19
1 14
0
3 5 10
3 6 28
1 60
0
2 10
3 15 28
3 11 45
3 9 76
2 27
3 6 43
2 8
2 31
user
15
1 82
1 65
1 20
2 17
3 14 67
1 18
3 5 34
0
3 5 92
1 30
1 79
3 4 57
2 21
0
1 13
2 64
3 14 14
2 60
0
3 5 84
1 41
0
1 14
2 16
3 8 35
1 92
2 79
2 94
2 68
2 47
0
0
2 39
0
2 88
0
2 67
0
3 6 28
0
0
3 14 34
0
1 62
2 34
1 34
3 9 18
2 49
0
1 86
2 94
1 6
2 53
1 42
3 7 59
0
1 53
0
3 11 6
1 63
3 0 44
2 54
3 9 66
2 90
0
3 1 5
3 11 19
0
2 41
1 13
2 62
3 4 67
1 39
3 2 89
3 1 67
2 63
3 8 85
2 80
2 67
1 7
0
1 55
3 8 10
0
2 66
1 27
1 13
2 47
1 87
3 5 7
2 65
1 64
3 0 34
3 10 65
3 8 63
0
2 98
1 99
2 49
2 60
